7814895.460923  503172.251968  -93922.165625  -28053.093567  60087.156079  56210.540022  46884.356324  49179.245247  23864.780535  16970.439805  12532.482206  -3584.060643   2828.046852  11686.913621  -8593.002092  -5825.292750   -987.240372  -3871.136642   3129.008011
503172.251968  2558074.590017  198846.438592  -1002.028641  91326.152717   7202.977482  -11508.221721  29683.094619  19695.147597   9492.809465  15237.715358   1527.968043   7772.431344   7832.370502   3211.198834   1072.943008   5922.479390   1509.164050   3467.865028
-93922.165625  198846.438592  1061081.283021  99757.732388  10099.623060   4010.632509  15139.050557  18652.550877   6897.346411  15966.097840  15994.434127   9160.291763  10389.936280   4823.476010   6146.080819   1471.940362   1938.083949   5744.951367   2994.066273
-28053.093567  -1002.028641  99757.732388  576270.793245  48951.227334  16580.515020  20668.343566  10343.443189  10631.910377  12418.881645   3978.085451   6288.501794   1546.951810   5922.744951   5398.432269   5085.780364   -386.596121   5102.970144   3703.033835
60087.156079  91326.152717  10099.623060  48951.227334  288685.087875  40590.046130   8370.582262    847.718255   4046.403386   3213.909091   4622.077026    288.973717    431.914067   2727.387051    262.886516   1923.117871   2045.317227   2188.755664   1540.033368
56210.540022   7202.977482   4010.632509  16580.515020  40590.046130  148632.233362  13554.713295   2218.173959   2459.021671   2508.522677   3726.627937   4965.437852    180.973651   2331.467376   1762.500976   1510.498181   1963.041855   1293.348700    509.570154
46884.356324  -11508.221721  15139.050557  20668.343566   8370.582262  13554.713295  85311.319213   8017.587149    -37.389326      5.010316   3575.839817   1464.455661   2000.584903   2354.695303    218.982375   1237.887329   1087.851183    857.705160   1252.815997
49179.245247  29683.094619  18652.550877  10343.443189    847.718255   2218.173959   8017.587149  56763.498094   5330.438388   2203.239594   -486.643255   1964.189087    601.866110    839.353823    895.206446    941.133225    958.562229   1517.150704    930.640904
23864.780535  19695.147597   6897.346412  10631.910377   4046.403386   2459.021671    -37.389326   5330.438388  36440.086273   5109.920109    659.391598      6.042217   1274.979785    552.623474    861.825608   1339.427225   1309.079986    860.152159    899.760683
16970.439805   9492.809465  15966.097840  12418.881645   3213.909091   2508.522677      5.010316   2203.239594   5109.920109  27020.097262   3311.355519    621.696887   1146.814187    875.911404   1064.948271    266.066798   1007.301021   1417.243610    947.949388
12532.482206  15237.715358  15994.434127   3978.085451   4622.077026   3726.627937   3575.839817   -486.643255    659.391598   3311.355519  20000.239781   1798.496227   1602.574963    822.795698    969.930914    688.813771    847.395263   1055.596124   1058.087838
-3584.060643   1527.968043   9160.291763   6288.501794    288.973717   4965.437852   1464.455661   1964.189087      6.042217    621.696887   1798.496227  12745.329492   1885.455752    806.869831    680.416286    749.560022    569.735014    718.883532    388.608675
 2828.046852   7772.431344  10389.936280   1546.951810    431.914067    180.973651   2000.584903    601.866110   1274.979785   1146.814187   1602.574963   1885.455752   9891.245020   1039.220317    501.422591    334.371109    333.898429    350.051442    298.471106
11686.913621   7832.370502   4823.476010   5922.744951   2727.387051   2331.467376   2354.695303    839.353823    552.623474    875.911404    822.795698    806.869831   1039.220317   7412.319005    881.407930    408.174583    600.303232    451.653191    580.950765
-8593.002092   3211.198834   6146.080819   5398.432269    262.886516   1762.500976    218.982375    895.206446    861.825608   1064.948271    969.930914    680.416286    501.422591    881.407930   5533.259289    801.304700    444.497636    553.678965    369.554176
-5825.292750   1072.943008   1471.940362   5085.780364   1923.117871   1510.498181   1237.887329    941.133225   1339.427225    266.066798    688.813771    749.560022    334.371109    408.174583    801.304700   4456.407969    705.717252    526.218179    486.152998
 -987.240372   5922.479390   1938.083949   -386.596121   2045.317227   1963.041855   1087.851183    958.562229   1309.079986   1007.301021    847.395263    569.735014    333.898429    600.303232    444.497636    705.717252   3652.377554    696.606665    424.472825
-3871.136642   1509.164050   5744.951367   5102.970144   2188.755664   1293.348700    857.705160   1517.150704    860.152159   1417.243610   1055.596124    718.883532    350.051442    451.653191    553.678965    526.218179    696.606665   3059.969022    652.018109
 3129.008011   3467.865028   2994.066273   3703.033835   1540.033368    509.570154   1252.815997    930.640904    899.760683    947.949388   1058.087838    388.608675    298.471106    580.950765    369.554176    486.152998    424.472825    652.018109   2652.987975
