 4.32008e-06   3.35172e-06   2.54595e-06   1.94743e-06   1.39615e-06   9.75548e-07   6.77659e-07   5.01932e-07   4.20913e-07   3.11697e-07    1.4551e-07   7.61469e-08   3.31399e-08   4.60307e-09   6.94071e-09
 3.35172e-06    3.5289e-06   2.76637e-06   2.10289e-06   1.47717e-06   1.06076e-06   8.22225e-07   6.13114e-07   4.65395e-07   2.93895e-07   9.31093e-08   2.57564e-08  -5.54738e-09  -1.75509e-08  -5.28775e-08
 2.54595e-06   2.76637e-06   2.75861e-06   2.22921e-06   1.61746e-06   1.17589e-06   9.61945e-07   7.00444e-07   4.97304e-07   3.29589e-07    1.2077e-07   5.10655e-08   1.80759e-08   9.29668e-09  -2.56865e-08
 1.94743e-06   2.10289e-06   2.22921e-06   2.36589e-06   1.83684e-06   1.39243e-06    1.1034e-06   8.07239e-07   5.58754e-07    3.7338e-07   2.00057e-07   1.23892e-07   6.93227e-08   6.17075e-08   1.39336e-08
 1.39615e-06   1.47717e-06   1.61746e-06   1.83684e-06   1.76849e-06   1.41213e-06   1.12331e-06    8.1123e-07   5.56138e-07   3.97035e-07   2.39911e-07   1.64735e-07    9.9952e-08   6.76921e-08   6.53605e-09
 9.75548e-07   1.06076e-06   1.17589e-06   1.39243e-06   1.41213e-06     1.486e-06   1.20961e-06   8.76825e-07   6.16691e-07   4.16223e-07   2.53003e-07   1.90262e-07   1.16724e-07   8.66909e-08   3.72136e-08
 6.77659e-07   8.22225e-07   9.61945e-07    1.1034e-06   1.12331e-06   1.20961e-06   1.26723e-06   9.66065e-07   6.91294e-07   4.79449e-07   3.04648e-07   2.30516e-07   1.40929e-07   9.65911e-08   4.05661e-08
 5.01932e-07   6.13114e-07   7.00444e-07   8.07239e-07    8.1123e-07   8.76825e-07   9.66065e-07   9.74703e-07   7.33007e-07   5.14314e-07   3.68596e-07   2.76316e-07   1.74466e-07   1.18659e-07   5.60767e-08
 4.20913e-07   4.65395e-07   4.97304e-07   5.58754e-07   5.56138e-07   6.16691e-07   6.91294e-07   7.33007e-07   7.80228e-07   6.01867e-07   4.14349e-07   3.26469e-07   2.19483e-07   1.53111e-07   1.12171e-07
 3.11697e-07   2.93895e-07   3.29589e-07    3.7338e-07   3.97035e-07   4.16223e-07   4.79449e-07   5.14314e-07   6.01867e-07   6.72603e-07    5.1071e-07   3.88052e-07   2.79063e-07   1.98703e-07   1.68256e-07
  1.4551e-07   9.31093e-08    1.2077e-07   2.00057e-07   2.39911e-07   2.53003e-07   3.04648e-07   3.68596e-07   4.14349e-07    5.1071e-07   5.76515e-07   4.75893e-07   3.49543e-07   2.57749e-07   2.14841e-07
 7.61469e-08   2.57564e-08   5.10655e-08   1.23892e-07   1.64735e-07   1.90262e-07   2.30516e-07   2.76316e-07   3.26469e-07   3.88052e-07   4.75893e-07   5.41627e-07   4.32394e-07   3.26118e-07   2.64845e-07
 3.31399e-08  -5.54738e-09   1.80759e-08   6.93227e-08    9.9952e-08   1.16724e-07   1.40929e-07   1.74466e-07   2.19483e-07   2.79063e-07   3.49543e-07   4.32394e-07   4.88601e-07   3.99376e-07   3.19524e-07
 4.60307e-09  -1.75509e-08   9.29668e-09   6.17075e-08   6.76921e-08   8.66909e-08   9.65911e-08   1.18659e-07   1.53111e-07   1.98703e-07   2.57749e-07   3.26118e-07   3.99376e-07   4.60013e-07   3.87423e-07
 6.94071e-09  -5.28775e-08  -2.56865e-08   1.39336e-08   6.53605e-09   3.72136e-08   4.05661e-08   5.60767e-08   1.12171e-07   1.68256e-07   2.14841e-07   2.64845e-07   3.19524e-07   3.87423e-07   4.47313e-07
