 6.56364e-06    5.8475e-06   4.82848e-06    3.8311e-06   2.95892e-06   2.51974e-06   2.13633e-06   1.77593e-06   1.37287e-06   9.78867e-07   7.58013e-07   5.66743e-07   4.35921e-07   3.05871e-07   1.67546e-07   1.41916e-07   5.15373e-08   5.13782e-08  -2.83686e-10   6.33858e-08
  5.8475e-06   6.08292e-06   5.04374e-06   4.11885e-06   3.17192e-06   2.64984e-06   2.23618e-06   1.86359e-06   1.51804e-06   1.11638e-06   8.10447e-07   6.36962e-07   4.72247e-07   3.44533e-07   1.62864e-07   1.08288e-07  -1.59292e-09  -2.85799e-09  -6.16548e-08   8.46359e-09
 4.82848e-06   5.04374e-06    5.0729e-06   4.16937e-06   3.29763e-06   2.79298e-06   2.31222e-06   1.90689e-06   1.58889e-06   1.23575e-06   9.49181e-07   7.33739e-07   5.49443e-07   3.76701e-07   2.03593e-07   1.64488e-07    7.3983e-08   5.41084e-08  -1.33732e-09   2.62232e-08
  3.8311e-06   4.11885e-06   4.16937e-06   4.16228e-06   3.40076e-06   2.88028e-06   2.38575e-06    1.9795e-06   1.64276e-06   1.30731e-06   9.80579e-07   7.61287e-07   5.54344e-07   3.81808e-07   2.23029e-07   1.74229e-07   6.77786e-08   5.86109e-08   7.09812e-09   3.38398e-08
 2.95892e-06   3.17192e-06   3.29763e-06   3.40076e-06   3.42019e-06   2.95692e-06   2.46571e-06   2.06998e-06   1.67014e-06   1.27411e-06   9.86593e-07   7.71504e-07    5.4792e-07   3.44865e-07   2.32348e-07   1.41785e-07   6.29637e-08   5.48408e-08   5.23891e-09    5.4049e-08
 2.51974e-06   2.64984e-06   2.79298e-06   2.88028e-06   2.95692e-06   3.06748e-06    2.6396e-06   2.26278e-06   1.87227e-06   1.40801e-06   1.08489e-06    8.3011e-07   6.39127e-07   4.21477e-07     3.273e-07     2.569e-07   1.54134e-07   1.02113e-07   3.85924e-08   5.84751e-08
 2.13633e-06   2.23618e-06   2.31222e-06   2.38575e-06   2.46571e-06    2.6396e-06   2.68591e-06   2.33044e-06   1.93418e-06   1.45347e-06   1.17941e-06   8.91665e-07   6.73411e-07   4.71957e-07     3.947e-07   2.82754e-07   1.94271e-07   9.39664e-08   3.62926e-08   4.94718e-08
 1.77593e-06   1.86359e-06   1.90689e-06    1.9795e-06   2.06998e-06   2.26278e-06   2.33044e-06   2.39777e-06   2.01822e-06   1.52055e-06   1.23114e-06   9.61731e-07   7.12371e-07   4.99761e-07   3.95915e-07   2.82713e-07   1.96338e-07   1.00995e-07   5.26733e-08   5.72874e-08
 1.37287e-06   1.51804e-06   1.58889e-06   1.64276e-06   1.67014e-06   1.87227e-06   1.93418e-06   2.01822e-06   2.05189e-06   1.59149e-06   1.28679e-06    1.0051e-06   7.56267e-07   5.36887e-07   4.21757e-07   3.42329e-07   2.37591e-07   1.27052e-07   9.38871e-08   8.26346e-08
 9.78867e-07   1.11638e-06   1.23575e-06   1.30731e-06   1.27411e-06   1.40801e-06   1.45347e-06   1.52055e-06   1.59149e-06   1.59536e-06   1.33047e-06   1.07488e-06   8.25584e-07   6.24996e-07   4.59465e-07   3.69983e-07   2.62996e-07   1.57845e-07   1.19077e-07   1.06044e-07
 7.58013e-07   8.10447e-07   9.49181e-07   9.80579e-07   9.86593e-07   1.08489e-06   1.17941e-06   1.23114e-06   1.28679e-06   1.33047e-06   1.41258e-06   1.16148e-06   9.14125e-07   7.24781e-07   5.49205e-07   4.44513e-07   3.25208e-07   2.09371e-07   1.50768e-07    1.2127e-07
 5.66743e-07   6.36962e-07   7.33739e-07   7.61287e-07   7.71504e-07    8.3011e-07   8.91665e-07   9.61731e-07    1.0051e-06   1.07488e-06   1.16148e-06   1.18735e-06   9.56705e-07   7.75438e-07   5.88208e-07   4.72928e-07   3.57535e-07    2.5724e-07   1.98415e-07   1.57607e-07
 4.35921e-07   4.72247e-07   5.49443e-07   5.54344e-07    5.4792e-07   6.39127e-07   6.73411e-07   7.12371e-07   7.56267e-07   8.25584e-07   9.14125e-07   9.56705e-07   1.01002e-06   8.42514e-07   6.62171e-07   5.76696e-07   4.45194e-07   3.24922e-07   2.76774e-07   2.29119e-07
 3.05871e-07   3.44533e-07   3.76701e-07   3.81808e-07   3.44865e-07   4.21477e-07   4.71957e-07   4.99761e-07   5.36887e-07   6.24996e-07   7.24781e-07   7.75438e-07   8.42514e-07   9.40258e-07   7.52477e-07   6.73931e-07   5.31035e-07   4.29373e-07   3.61362e-07   3.15927e-07
 1.67546e-07   1.62864e-07   2.03593e-07   2.23029e-07   2.32348e-07     3.273e-07     3.947e-07   3.95915e-07   4.21757e-07   4.59465e-07   5.49205e-07   5.88208e-07   6.62171e-07   7.52477e-07   7.80801e-07     6.904e-07   5.53098e-07   4.47431e-07   3.75442e-07   3.21576e-07
 1.41916e-07   1.08288e-07   1.64488e-07   1.74229e-07   1.41785e-07     2.569e-07   2.82754e-07   2.82713e-07   3.42329e-07   3.69983e-07   4.44513e-07   4.72928e-07   5.76696e-07   6.73931e-07     6.904e-07   8.12037e-07   6.64141e-07   5.46252e-07   4.59742e-07   3.73835e-07
 5.15373e-08  -1.59292e-09    7.3983e-08   6.77786e-08   6.29637e-08   1.54134e-07   1.94271e-07   1.96338e-07   2.37591e-07   2.62996e-07   3.25208e-07   3.57535e-07   4.45194e-07   5.31035e-07   5.53098e-07   6.64141e-07   7.20686e-07   6.09511e-07     5.303e-07   4.09301e-07
 5.13782e-08  -2.85799e-09   5.41084e-08   5.86109e-08   5.48408e-08   1.02113e-07   9.39664e-08   1.00995e-07   1.27052e-07   1.57845e-07   2.09371e-07    2.5724e-07   3.24922e-07   4.29373e-07   4.47431e-07   5.46252e-07   6.09511e-07   6.66857e-07   5.98585e-07   4.79078e-07
-2.83686e-10  -6.16548e-08  -1.33732e-09   7.09812e-09   5.23891e-09   3.85924e-08   3.62926e-08   5.26733e-08   9.38871e-08   1.19077e-07   1.50768e-07   1.98415e-07   2.76774e-07   3.61362e-07   3.75442e-07   4.59742e-07     5.303e-07   5.98585e-07   7.01022e-07   5.68982e-07
 6.33858e-08   8.46359e-09   2.62232e-08   3.38398e-08    5.4049e-08   5.84751e-08   4.94718e-08   5.72874e-08   8.26346e-08   1.06044e-07    1.2127e-07   1.57607e-07   2.29119e-07   3.15927e-07   3.21576e-07   3.73835e-07   4.09301e-07   4.79078e-07   5.68982e-07   5.95298e-07
