 6.64916e-06    6.1479e-06    5.6554e-06   5.28275e-06   4.49914e-06   4.12621e-06   3.68775e-06    3.1998e-06   2.84293e-06   2.62643e-06   2.50408e-06   2.27051e-06   2.07734e-06    1.9216e-06   1.71711e-06   1.47019e-06   1.35092e-06   1.04842e-06   1.00993e-06    8.5986e-07   7.40241e-07   6.44785e-07   5.76225e-07   4.60591e-07   4.87443e-07   4.09374e-07   3.08148e-07   2.35515e-07   1.81779e-07   1.75673e-07   1.79677e-07   1.02066e-07   6.52447e-08   1.17141e-07    5.8756e-08  -1.93496e-09   7.27455e-08   9.20366e-08   8.60054e-08   4.83695e-08
  6.1479e-06   6.62994e-06   5.82871e-06   5.38688e-06   4.68094e-06   4.26207e-06   3.82899e-06   3.31037e-06   2.89917e-06   2.66584e-06   2.57109e-06   2.36414e-06   2.13259e-06   1.98465e-06   1.81096e-06   1.60148e-06   1.47387e-06   1.19767e-06   1.09557e-06   9.20446e-07   7.53399e-07   7.05873e-07   5.83034e-07   4.73268e-07   4.80056e-07   4.46758e-07   3.07484e-07   2.58246e-07   1.54275e-07   1.41541e-07   1.15557e-07    2.0198e-08  -2.16065e-09   2.75306e-08  -3.65863e-08  -1.06535e-07  -1.68454e-08   7.77337e-09    3.5067e-08   4.90503e-09
  5.6554e-06   5.82871e-06   6.09686e-06   5.43406e-06   4.73382e-06   4.44662e-06    3.9611e-06   3.49731e-06    3.0015e-06   2.76246e-06   2.60289e-06   2.34025e-06    2.1245e-06   1.91977e-06   1.75592e-06   1.55839e-06     1.449e-06   1.14132e-06   1.04217e-06   8.72521e-07   7.08994e-07   6.68724e-07   5.95938e-07   4.74771e-07    4.6209e-07   3.81545e-07   2.54024e-07   1.66365e-07   8.46467e-08   8.82049e-08   9.25895e-08  -8.95428e-09  -1.26428e-08   3.07447e-08  -3.16775e-08   -9.5719e-08  -2.97295e-08  -2.08176e-08   1.32006e-08  -4.59446e-08
 5.28275e-06   5.38688e-06   5.43406e-06    5.7461e-06   4.87438e-06   4.51481e-06   4.06676e-06   3.59425e-06   3.10163e-06   2.93028e-06   2.76354e-06   2.50964e-06   2.23407e-06   2.04435e-06   1.87252e-06   1.62994e-06   1.51761e-06   1.23169e-06   1.12512e-06   9.61559e-07   8.01742e-07   7.05568e-07   6.45849e-07   5.22568e-07   4.77258e-07   4.21197e-07   2.76421e-07   1.92292e-07   1.27014e-07    1.1596e-07   1.39616e-07   5.26786e-08   3.28629e-08   6.75495e-08   1.65025e-08  -4.11581e-08  -1.34661e-08   1.12324e-08   9.45188e-09  -1.96263e-08
 4.49914e-06   4.68094e-06   4.73382e-06   4.87438e-06   4.87607e-06   4.31055e-06   3.84418e-06   3.47144e-06   3.06527e-06   2.86213e-06   2.63885e-06   2.39741e-06   2.13498e-06   1.92671e-06   1.80169e-06   1.64105e-06   1.56917e-06   1.33512e-06   1.24567e-06   1.12279e-06   9.07633e-07   8.19794e-07   7.55855e-07   6.33132e-07   5.58533e-07   4.73541e-07   3.36151e-07   2.80955e-07   2.08808e-07   2.00889e-07   1.94805e-07   1.30727e-07   7.54976e-08   8.83775e-08   4.30216e-08   6.92094e-09   3.70647e-08   3.53598e-08   4.56728e-08   7.12809e-10
 4.12621e-06   4.26207e-06   4.44662e-06   4.51481e-06   4.31055e-06   4.54951e-06   4.00556e-06    3.6126e-06   3.19823e-06   2.97598e-06   2.72806e-06   2.50275e-06   2.21338e-06   2.00552e-06   1.89218e-06   1.69512e-06   1.57605e-06   1.33079e-06   1.25756e-06   1.07893e-06    8.8615e-07   8.20797e-07   7.56408e-07   6.41108e-07   5.20612e-07   4.40671e-07   3.63777e-07   2.79994e-07   2.17745e-07   2.06384e-07   2.16783e-07   1.36356e-07   7.12974e-08   1.19624e-07   6.07554e-08     3.002e-08   5.58237e-08   4.00998e-08   4.30265e-08   1.01684e-08
 3.68775e-06   3.82899e-06    3.9611e-06   4.06676e-06   3.84418e-06   4.00556e-06   4.12358e-06   3.57543e-06   3.24511e-06   3.02584e-06   2.80283e-06   2.55097e-06   2.28885e-06   2.07081e-06   1.95146e-06   1.71343e-06   1.59209e-06   1.36712e-06   1.27582e-06   1.08158e-06   8.85468e-07     7.831e-07   6.92565e-07   5.83864e-07   4.80869e-07   4.13586e-07   3.15866e-07   2.35851e-07    1.6523e-07   1.40505e-07    1.3939e-07   5.87201e-08   1.26745e-08   5.65056e-08   4.29289e-09  -3.98796e-08  -1.23747e-08   2.01323e-08   3.29498e-08  -4.86637e-10
  3.1998e-06   3.31037e-06   3.49731e-06   3.59425e-06   3.47144e-06    3.6126e-06   3.57543e-06   3.70468e-06   3.25482e-06   3.01655e-06   2.81649e-06   2.52209e-06   2.30505e-06   2.07279e-06   1.95863e-06   1.67498e-06   1.57093e-06   1.26311e-06   1.18459e-06   9.96069e-07    8.3958e-07   7.44159e-07   6.72469e-07   5.67543e-07   4.35175e-07   3.41913e-07   2.59411e-07   2.12257e-07   1.47577e-07   8.49559e-08   9.76607e-08   4.78395e-08   3.66194e-08   6.36844e-08   7.27543e-09  -2.74192e-08  -1.76694e-08   1.04202e-08    1.1672e-08  -1.39919e-08
 2.84293e-06   2.89917e-06    3.0015e-06   3.10163e-06   3.06527e-06   3.19823e-06   3.24511e-06   3.25482e-06   3.48262e-06   3.11908e-06   2.88442e-06   2.61276e-06   2.42772e-06   2.16866e-06    2.0776e-06   1.78598e-06   1.64817e-06   1.34493e-06   1.29922e-06   1.13481e-06   9.73242e-07    8.6658e-07   7.96343e-07   6.50865e-07   5.36409e-07   4.14732e-07   3.59332e-07     3.138e-07    2.5047e-07   1.86328e-07    1.9065e-07   1.00595e-07   6.46872e-08   9.27463e-08   5.44243e-08   1.03998e-08   5.10794e-08   8.14283e-08   1.06035e-07   8.50272e-08
 2.62643e-06   2.66584e-06   2.76246e-06   2.93028e-06   2.86213e-06   2.97598e-06   3.02584e-06   3.01655e-06   3.11908e-06   3.27431e-06   2.94239e-06   2.68858e-06   2.52401e-06   2.28882e-06   2.16473e-06   1.91611e-06   1.74548e-06   1.40751e-06    1.3544e-06   1.18381e-06   9.51116e-07   8.32307e-07   7.91457e-07   6.81283e-07    5.9207e-07    4.5382e-07   3.66347e-07   3.22492e-07   2.87997e-07   2.40795e-07   2.28446e-07   1.54268e-07   1.14224e-07    1.2452e-07   5.42326e-08   2.23694e-08   3.85519e-08   6.57431e-08   7.46766e-08   6.59775e-08
 2.50408e-06   2.57109e-06   2.60289e-06   2.76354e-06   2.63885e-06   2.72806e-06   2.80283e-06   2.81649e-06   2.88442e-06   2.94239e-06   3.12119e-06   2.75678e-06   2.59478e-06   2.35662e-06   2.24309e-06   2.00963e-06   1.82222e-06   1.49192e-06   1.37877e-06   1.21782e-06   9.95529e-07   8.78481e-07   8.17851e-07   6.98709e-07    5.8842e-07   4.70361e-07   3.96849e-07   3.76072e-07   3.21444e-07   2.73147e-07   2.82431e-07   2.02732e-07   1.44444e-07   1.48905e-07   8.13726e-08   3.72608e-08   5.46685e-08   3.67161e-08   5.77858e-08   3.53668e-08
 2.27051e-06   2.36414e-06   2.34025e-06   2.50964e-06   2.39741e-06   2.50275e-06   2.55097e-06   2.52209e-06   2.61276e-06   2.68858e-06   2.75678e-06   2.85605e-06   2.58876e-06   2.36129e-06   2.26451e-06   2.02868e-06   1.81497e-06     1.498e-06   1.39267e-06   1.26488e-06   1.07406e-06   9.30891e-07   8.59085e-07   7.29447e-07   6.23671e-07   5.10993e-07   4.63632e-07   4.20201e-07   3.75819e-07   2.81364e-07   2.79148e-07   2.44896e-07   1.61453e-07   1.36409e-07   6.60631e-08   4.39533e-08    4.9627e-08    4.8963e-08     3.664e-08   3.55346e-08
 2.07734e-06   2.13259e-06    2.1245e-06   2.23407e-06   2.13498e-06   2.21338e-06   2.28885e-06   2.30505e-06   2.42772e-06   2.52401e-06   2.59478e-06   2.58876e-06   2.71845e-06   2.39905e-06   2.30045e-06   2.07106e-06   1.83304e-06   1.53404e-06   1.39453e-06    1.2921e-06   1.09477e-06   9.15996e-07   8.63552e-07   7.16318e-07   6.28634e-07   5.00478e-07   4.17163e-07   4.21654e-07   3.63544e-07   2.84249e-07    2.8604e-07   2.23361e-07   1.51347e-07   1.23929e-07   5.29079e-08   1.55339e-08   3.70862e-08   6.42341e-08   4.75829e-08   3.86943e-08
  1.9216e-06   1.98465e-06   1.91977e-06   2.04435e-06   1.92671e-06   2.00552e-06   2.07081e-06   2.07279e-06   2.16866e-06   2.28882e-06   2.35662e-06   2.36129e-06   2.39905e-06   2.45216e-06   2.31926e-06    2.0695e-06   1.84965e-06   1.55602e-06   1.39183e-06   1.27064e-06   1.11275e-06   9.47202e-07   8.88319e-07   7.26966e-07    6.3778e-07   5.22674e-07   4.41826e-07   4.07162e-07    3.5318e-07   2.88014e-07   2.71958e-07   2.15241e-07   1.65319e-07    1.3868e-07   5.92267e-08   3.16002e-08   4.27983e-08   4.87396e-08   4.52402e-08   2.83304e-08
 1.71711e-06   1.81096e-06   1.75592e-06   1.87252e-06   1.80169e-06   1.89218e-06   1.95146e-06   1.95863e-06    2.0776e-06   2.16473e-06   2.24309e-06   2.26451e-06   2.30045e-06   2.31926e-06   2.49765e-06   2.19945e-06   1.96048e-06   1.67454e-06   1.46426e-06   1.34792e-06   1.19615e-06   1.03294e-06    9.7573e-07   7.96125e-07   6.89121e-07   5.73345e-07    4.6281e-07   4.40986e-07   3.82571e-07   3.02565e-07   2.68871e-07   2.22351e-07   1.83164e-07   1.40908e-07    6.7728e-08   6.04475e-08    7.3707e-08   6.10326e-08   7.27549e-08   3.25348e-08
 1.47019e-06   1.60148e-06   1.55839e-06   1.62994e-06   1.64105e-06   1.69512e-06   1.71343e-06   1.67498e-06   1.78598e-06   1.91611e-06   2.00963e-06   2.02868e-06   2.07106e-06    2.0695e-06   2.19945e-06    2.2991e-06   1.96759e-06   1.73188e-06   1.50551e-06   1.39466e-06   1.23516e-06   1.02297e-06   9.79227e-07   8.16205e-07   7.25217e-07   5.94062e-07   4.85873e-07   4.48144e-07   4.04763e-07   3.62898e-07   3.50469e-07   2.82898e-07   2.12581e-07   1.73771e-07   8.27617e-08   8.91856e-08   9.11696e-08   6.37792e-08   8.02049e-08    5.3294e-08
 1.35092e-06   1.47387e-06     1.449e-06   1.51761e-06   1.56917e-06   1.57605e-06   1.59209e-06   1.57093e-06   1.64817e-06   1.74548e-06   1.82222e-06   1.81497e-06   1.83304e-06   1.84965e-06   1.96048e-06   1.96759e-06   1.99115e-06   1.67142e-06   1.47158e-06   1.34295e-06   1.18545e-06   1.03618e-06   9.83811e-07   7.94195e-07   6.95143e-07   5.90409e-07   4.81991e-07   4.49401e-07   3.87369e-07   3.44066e-07   3.14435e-07   2.45026e-07   2.13018e-07   1.64228e-07   9.07919e-08   1.01135e-07   9.39461e-08   8.39258e-08   1.00853e-07   7.23602e-08
 1.04842e-06   1.19767e-06   1.14132e-06   1.23169e-06   1.33512e-06   1.33079e-06   1.36712e-06   1.26311e-06   1.34493e-06   1.40751e-06   1.49192e-06     1.498e-06   1.53404e-06   1.55602e-06   1.67454e-06   1.73188e-06   1.67142e-06   1.77754e-06   1.51307e-06   1.39702e-06    1.2486e-06   1.09472e-06   1.03099e-06   8.43548e-07   7.60521e-07   6.64589e-07    5.4398e-07   4.63262e-07   4.28811e-07   3.66496e-07   3.44301e-07   2.88875e-07   2.38282e-07   2.12277e-07   1.28865e-07   1.37492e-07   1.29699e-07   1.17825e-07   1.20483e-07   5.70859e-08
 1.00993e-06   1.09557e-06   1.04217e-06   1.12512e-06   1.24567e-06   1.25756e-06   1.27582e-06   1.18459e-06   1.29922e-06    1.3544e-06   1.37877e-06   1.39267e-06   1.39453e-06   1.39183e-06   1.46426e-06   1.50551e-06   1.47158e-06   1.51307e-06   1.58806e-06   1.42092e-06   1.26218e-06   1.11664e-06   1.05868e-06   8.82557e-07   8.16384e-07   6.97839e-07   5.95922e-07    4.9094e-07   4.54781e-07   3.93153e-07   3.75342e-07   3.03386e-07   2.24026e-07   1.81478e-07   1.13037e-07   1.05204e-07   1.05572e-07   9.43609e-08   9.27951e-08   3.85497e-08
  8.5986e-07   9.20446e-07   8.72521e-07   9.61559e-07   1.12279e-06   1.07893e-06   1.08158e-06   9.96069e-07   1.13481e-06   1.18381e-06   1.21782e-06   1.26488e-06    1.2921e-06   1.27064e-06   1.34792e-06   1.39466e-06   1.34295e-06   1.39702e-06   1.42092e-06   1.53852e-06   1.34019e-06   1.19335e-06   1.10877e-06   9.38433e-07   8.70846e-07   7.66769e-07   6.55002e-07   5.55614e-07   5.26723e-07   4.60944e-07   4.29664e-07   3.57208e-07    2.7805e-07   2.46376e-07   1.71624e-07   1.49772e-07   1.27148e-07   1.20917e-07   1.16641e-07    6.3186e-08
 7.40241e-07   7.53399e-07   7.08994e-07   8.01742e-07   9.07633e-07    8.8615e-07   8.85468e-07    8.3958e-07   9.73242e-07   9.51116e-07   9.95529e-07   1.07406e-06   1.09477e-06   1.11275e-06   1.19615e-06   1.23516e-06   1.18545e-06    1.2486e-06   1.26218e-06   1.34019e-06   1.43648e-06   1.22385e-06   1.12308e-06   9.55619e-07   8.93427e-07   7.82243e-07   6.97799e-07   5.78263e-07   5.36745e-07   4.57043e-07   4.31685e-07   3.60384e-07   3.06978e-07   2.45129e-07   1.77128e-07   1.64001e-07   1.61393e-07   1.26408e-07   1.21015e-07   7.37701e-08
 6.44785e-07   7.05873e-07   6.68724e-07   7.05568e-07   8.19794e-07   8.20797e-07     7.831e-07   7.44159e-07    8.6658e-07   8.32307e-07   8.78481e-07   9.30891e-07   9.15996e-07   9.47202e-07   1.03294e-06   1.02297e-06   1.03618e-06   1.09472e-06   1.11664e-06   1.19335e-06   1.22385e-06   1.27251e-06   1.12755e-06   9.48752e-07   8.98922e-07   7.89401e-07   7.08167e-07   5.88203e-07   5.47686e-07   4.65938e-07   4.26212e-07   3.47823e-07   3.14915e-07   2.70492e-07    1.9248e-07   1.79567e-07   1.72171e-07   1.40776e-07   1.26671e-07   7.00699e-08
 5.76225e-07   5.83034e-07   5.95938e-07   6.45849e-07   7.55855e-07   7.56408e-07   6.92565e-07   6.72469e-07   7.96343e-07   7.91457e-07   8.17851e-07   8.59085e-07   8.63552e-07   8.88319e-07    9.7573e-07   9.79227e-07   9.83811e-07   1.03099e-06   1.05868e-06   1.10877e-06   1.12308e-06   1.12755e-06   1.22373e-06   1.02011e-06   9.58235e-07   8.47144e-07   7.57894e-07    6.3592e-07   5.80738e-07   5.20299e-07    4.7819e-07    4.0044e-07    3.6561e-07   3.22396e-07   2.43924e-07   2.26878e-07   2.13197e-07    1.8956e-07   1.71646e-07    1.1414e-07
 4.60591e-07   4.73268e-07   4.74771e-07   5.22568e-07   6.33132e-07   6.41108e-07   5.83864e-07   5.67543e-07   6.50865e-07   6.81283e-07   6.98709e-07   7.29447e-07   7.16318e-07   7.26966e-07   7.96125e-07   8.16205e-07   7.94195e-07   8.43548e-07   8.82557e-07   9.38433e-07   9.55619e-07   9.48752e-07   1.02011e-06   1.06064e-06   9.57623e-07   8.42201e-07   7.78112e-07   6.65655e-07     6.037e-07   5.67206e-07   5.23621e-07   4.38165e-07   3.95122e-07   3.35103e-07   2.70365e-07   2.56903e-07   2.54655e-07   2.25615e-07   2.00061e-07   1.48754e-07
 4.87443e-07   4.80056e-07    4.6209e-07   4.77258e-07   5.58533e-07   5.20612e-07   4.80869e-07   4.35175e-07   5.36409e-07    5.9207e-07    5.8842e-07   6.23671e-07   6.28634e-07    6.3778e-07   6.89121e-07   7.25217e-07   6.95143e-07   7.60521e-07   8.16384e-07   8.70846e-07   8.93427e-07   8.98922e-07   9.58235e-07   9.57623e-07   1.06385e-06   9.10507e-07   8.39103e-07   7.20146e-07   6.59014e-07   6.24636e-07   5.90159e-07   4.94484e-07   4.52115e-07   3.89008e-07   3.05987e-07   2.99849e-07   2.94042e-07   2.60996e-07   2.29329e-07   1.68568e-07
 4.09374e-07   4.46758e-07   3.81545e-07   4.21197e-07   4.73541e-07   4.40671e-07   4.13586e-07   3.41913e-07   4.14732e-07    4.5382e-07   4.70361e-07   5.10993e-07   5.00478e-07   5.22674e-07   5.73345e-07   5.94062e-07   5.90409e-07   6.64589e-07   6.97839e-07   7.66769e-07   7.82243e-07   7.89401e-07   8.47144e-07   8.42201e-07   9.10507e-07   1.00383e-06   8.90753e-07    7.7411e-07   7.07823e-07   6.78127e-07   6.42533e-07   5.51811e-07   5.11177e-07   4.83108e-07   3.81918e-07   3.77046e-07   3.39617e-07   3.19628e-07   3.01534e-07   2.48357e-07
 3.08148e-07   3.07484e-07   2.54024e-07   2.76421e-07   3.36151e-07   3.63777e-07   3.15866e-07   2.59411e-07   3.59332e-07   3.66347e-07   3.96849e-07   4.63632e-07   4.17163e-07   4.41826e-07    4.6281e-07   4.85873e-07   4.81991e-07    5.4398e-07   5.95922e-07   6.55002e-07   6.97799e-07   7.08167e-07   7.57894e-07   7.78112e-07   8.39103e-07   8.90753e-07     9.767e-07   7.95779e-07   7.33656e-07    7.1207e-07   6.63537e-07   5.65942e-07   4.97248e-07   4.70809e-07   3.85283e-07   3.77921e-07   3.51776e-07   3.29423e-07   3.13299e-07   2.66894e-07
 2.35515e-07   2.58246e-07   1.66365e-07   1.92292e-07   2.80955e-07   2.79994e-07   2.35851e-07   2.12257e-07     3.138e-07   3.22492e-07   3.76072e-07   4.20201e-07   4.21654e-07   4.07162e-07   4.40986e-07   4.48144e-07   4.49401e-07   4.63262e-07    4.9094e-07   5.55614e-07   5.78263e-07   5.88203e-07    6.3592e-07   6.65655e-07   7.20146e-07    7.7411e-07   7.95779e-07   8.47859e-07   7.36946e-07   7.02038e-07    6.5437e-07   5.73851e-07   5.15097e-07    4.7896e-07   4.01578e-07   3.83794e-07   3.57266e-07   3.28137e-07   3.03647e-07   2.65239e-07
 1.81779e-07   1.54275e-07   8.46467e-08   1.27014e-07   2.08808e-07   2.17745e-07    1.6523e-07   1.47577e-07    2.5047e-07   2.87997e-07   3.21444e-07   3.75819e-07   3.63544e-07    3.5318e-07   3.82571e-07   4.04763e-07   3.87369e-07   4.28811e-07   4.54781e-07   5.26723e-07   5.36745e-07   5.47686e-07   5.80738e-07     6.037e-07   6.59014e-07   7.07823e-07   7.33656e-07   7.36946e-07   8.03028e-07   7.19647e-07    6.8613e-07   5.94226e-07   5.30751e-07   4.93347e-07   4.18061e-07   3.99095e-07   3.62329e-07   3.35175e-07   3.19575e-07   2.68068e-07
 1.75673e-07   1.41541e-07   8.82049e-08    1.1596e-07   2.00889e-07   2.06384e-07   1.40505e-07   8.49559e-08   1.86328e-07   2.40795e-07   2.73147e-07   2.81364e-07   2.84249e-07   2.88014e-07   3.02565e-07   3.62898e-07   3.44066e-07   3.66496e-07   3.93153e-07   4.60944e-07   4.57043e-07   4.65938e-07   5.20299e-07   5.67206e-07   6.24636e-07   6.78127e-07    7.1207e-07   7.02038e-07   7.19647e-07    8.2928e-07   7.73488e-07   6.62468e-07    5.9513e-07   5.53715e-07   4.65887e-07   4.45966e-07   3.98621e-07   3.62505e-07   3.37209e-07   2.75564e-07
 1.79677e-07   1.15557e-07   9.25895e-08   1.39616e-07   1.94805e-07   2.16783e-07    1.3939e-07   9.76607e-08    1.9065e-07   2.28446e-07   2.82431e-07   2.79148e-07    2.8604e-07   2.71958e-07   2.68871e-07   3.50469e-07   3.14435e-07   3.44301e-07   3.75342e-07   4.29664e-07   4.31685e-07   4.26212e-07    4.7819e-07   5.23621e-07   5.90159e-07   6.42533e-07   6.63537e-07    6.5437e-07    6.8613e-07   7.73488e-07   8.70364e-07   7.33301e-07   6.65471e-07   6.31856e-07   5.34187e-07   5.25597e-07   4.67876e-07   4.13656e-07   3.81194e-07   3.10561e-07
 1.02066e-07    2.0198e-08  -8.95428e-09   5.26786e-08   1.30727e-07   1.36356e-07   5.87201e-08   4.78395e-08   1.00595e-07   1.54268e-07   2.02732e-07   2.44896e-07   2.23361e-07   2.15241e-07   2.22351e-07   2.82898e-07   2.45026e-07   2.88875e-07   3.03386e-07   3.57208e-07   3.60384e-07   3.47823e-07    4.0044e-07   4.38165e-07   4.94484e-07   5.51811e-07   5.65942e-07   5.73851e-07   5.94226e-07   6.62468e-07   7.33301e-07   7.67362e-07    6.8294e-07   6.33281e-07   5.46932e-07   5.45161e-07   4.87915e-07   4.15821e-07   3.91613e-07    3.3625e-07
 6.52447e-08  -2.16065e-09  -1.26428e-08   3.28629e-08   7.54976e-08   7.12974e-08   1.26745e-08   3.66194e-08   6.46872e-08   1.14224e-07   1.44444e-07   1.61453e-07   1.51347e-07   1.65319e-07   1.83164e-07   2.12581e-07   2.13018e-07   2.38282e-07   2.24026e-07    2.7805e-07   3.06978e-07   3.14915e-07    3.6561e-07   3.95122e-07   4.52115e-07   5.11177e-07   4.97248e-07   5.15097e-07   5.30751e-07    5.9513e-07   6.65471e-07    6.8294e-07   7.49991e-07   6.72773e-07   5.86688e-07   5.81207e-07   5.08225e-07   4.26894e-07   4.03231e-07   3.38624e-07
 1.17141e-07   2.75306e-08   3.07447e-08   6.75495e-08   8.83775e-08   1.19624e-07   5.65056e-08   6.36844e-08   9.27463e-08    1.2452e-07   1.48905e-07   1.36409e-07   1.23929e-07    1.3868e-07   1.40908e-07   1.73771e-07   1.64228e-07   2.12277e-07   1.81478e-07   2.46376e-07   2.45129e-07   2.70492e-07   3.22396e-07   3.35103e-07   3.89008e-07   4.83108e-07   4.70809e-07    4.7896e-07   4.93347e-07   5.53715e-07   6.31856e-07   6.33281e-07   6.72773e-07   7.37423e-07   6.23299e-07   6.23737e-07   5.36435e-07   4.76689e-07   4.49069e-07   3.82515e-07
  5.8756e-08  -3.65863e-08  -3.16775e-08   1.65025e-08   4.30216e-08   6.07554e-08   4.29289e-09   7.27543e-09   5.44243e-08   5.42326e-08   8.13726e-08   6.60631e-08   5.29079e-08   5.92267e-08    6.7728e-08   8.27617e-08   9.07919e-08   1.28865e-07   1.13037e-07   1.71624e-07   1.77128e-07    1.9248e-07   2.43924e-07   2.70365e-07   3.05987e-07   3.81918e-07   3.85283e-07   4.01578e-07   4.18061e-07   4.65887e-07   5.34187e-07   5.46932e-07   5.86688e-07   6.23299e-07   6.85267e-07   6.55207e-07   5.80534e-07   5.13314e-07   4.77214e-07   4.09128e-07
-1.93496e-09  -1.06535e-07   -9.5719e-08  -4.11581e-08   6.92094e-09     3.002e-08  -3.98796e-08  -2.74192e-08   1.03998e-08   2.23694e-08   3.72608e-08   4.39533e-08   1.55339e-08   3.16002e-08   6.04475e-08   8.91856e-08   1.01135e-07   1.37492e-07   1.05204e-07   1.49772e-07   1.64001e-07   1.79567e-07   2.26878e-07   2.56903e-07   2.99849e-07   3.77046e-07   3.77921e-07   3.83794e-07   3.99095e-07   4.45966e-07   5.25597e-07   5.45161e-07   5.81207e-07   6.23737e-07   6.55207e-07   7.83282e-07   6.64962e-07   5.96222e-07   5.47526e-07   4.80952e-07
 7.27455e-08  -1.68454e-08  -2.97295e-08  -1.34661e-08   3.70647e-08   5.58237e-08  -1.23747e-08  -1.76694e-08   5.10794e-08   3.85519e-08   5.46685e-08    4.9627e-08   3.70862e-08   4.27983e-08    7.3707e-08   9.11696e-08   9.39461e-08   1.29699e-07   1.05572e-07   1.27148e-07   1.61393e-07   1.72171e-07   2.13197e-07   2.54655e-07   2.94042e-07   3.39617e-07   3.51776e-07   3.57266e-07   3.62329e-07   3.98621e-07   4.67876e-07   4.87915e-07   5.08225e-07   5.36435e-07   5.80534e-07   6.64962e-07   6.94141e-07   5.86424e-07     5.475e-07   4.91855e-07
 9.20366e-08   7.77337e-09  -2.08176e-08   1.12324e-08   3.53598e-08   4.00998e-08   2.01323e-08   1.04202e-08   8.14283e-08   6.57431e-08   3.67161e-08    4.8963e-08   6.42341e-08   4.87396e-08   6.10326e-08   6.37792e-08   8.39258e-08   1.17825e-07   9.43609e-08   1.20917e-07   1.26408e-07   1.40776e-07    1.8956e-07   2.25615e-07   2.60996e-07   3.19628e-07   3.29423e-07   3.28137e-07   3.35175e-07   3.62505e-07   4.13656e-07   4.15821e-07   4.26894e-07   4.76689e-07   5.13314e-07   5.96222e-07   5.86424e-07   6.28191e-07   5.60684e-07   5.05556e-07
 8.60054e-08    3.5067e-08   1.32006e-08   9.45188e-09   4.56728e-08   4.30265e-08   3.29498e-08    1.1672e-08   1.06035e-07   7.46766e-08   5.77858e-08     3.664e-08   4.75829e-08   4.52402e-08   7.27549e-08   8.02049e-08   1.00853e-07   1.20483e-07   9.27951e-08   1.16641e-07   1.21015e-07   1.26671e-07   1.71646e-07   2.00061e-07   2.29329e-07   3.01534e-07   3.13299e-07   3.03647e-07   3.19575e-07   3.37209e-07   3.81194e-07   3.91613e-07   4.03231e-07   4.49069e-07   4.77214e-07   5.47526e-07     5.475e-07   5.60684e-07   6.31591e-07   5.52454e-07
 4.83695e-08   4.90503e-09  -4.59446e-08  -1.96263e-08   7.12809e-10   1.01684e-08  -4.86637e-10  -1.39919e-08   8.50272e-08   6.59775e-08   3.53668e-08   3.55346e-08   3.86943e-08   2.83304e-08   3.25348e-08    5.3294e-08   7.23602e-08   5.70859e-08   3.85497e-08    6.3186e-08   7.37701e-08   7.00699e-08    1.1414e-07   1.48754e-07   1.68568e-07   2.48357e-07   2.66894e-07   2.65239e-07   2.68068e-07   2.75564e-07   3.10561e-07    3.3625e-07   3.38624e-07   3.82515e-07   4.09128e-07   4.80952e-07   4.91855e-07   5.05556e-07   5.52454e-07   5.97679e-07
