63086868.096371  11515534.284874  1108517.420612  -587373.181519  531530.671072  298880.192126  202830.289489  309589.592891  -254636.630451  150822.199148  48589.826617  124086.122012  180247.422150  58690.406824  195727.718578  193426.339001  59924.861929  281576.084462  79287.901304  59179.157473  80984.525099  123806.344681  167497.612481  138069.041609  91298.231042  83373.895840  24573.884415  75761.753072  36787.320814  59203.133647  19304.135843  18876.386777  78165.678583  72681.363781  56929.038225  80773.284592  45413.070956  31231.553945  56887.061296  43940.817744  55332.809491  24924.729603  24683.000833  28771.186756  20026.301030  30023.981500  36295.660247
11515534.284874  32422484.899770  4483555.090770  1213840.306232  570824.908335  407129.100228  758362.592528  119164.481651  34474.955764  442405.224577  248536.801320  374005.105506  225446.447471  177826.593897  186680.953401  114631.987710  23595.083370  179910.546241  182646.328079  149519.576625  111591.893778  100233.134631  168530.641811  56420.822313  90064.181465  84065.352138  42768.072885  93672.918218  62413.884646  73766.383467  32298.584164  18195.671255  50220.288677  32460.162429  29633.743808  17634.237223  13312.981329  20189.197752  31784.597127   8552.101320   7097.177723  -8227.126480  21364.991138  17771.508661  15009.393784  27257.254160   6347.741527
1108517.420612  4483555.090770  15421370.488352  2707641.266028  556559.170705  -4766.853862  91897.384987  137492.691963  180189.811847  232523.762255  114580.542598  178102.141683  158512.782844  94641.511712  161157.565337  199936.077963  104919.269884  114374.635035  59627.831610  89088.312054  49280.029676   -563.655050  81827.333557  71394.757842  56730.356143  59357.365838  29879.923059  36533.540476  33471.079124  43284.851403  40695.001640  31469.180047  23837.730309  36634.384465  10397.672023  12515.211088  10032.461028  10650.863231  21555.542896  13096.908778  22413.369689  16217.526189   9772.354083  23593.248765  18442.615700  14831.956035   7472.237625
-587373.181519  1213840.306232  2707641.266028  8749617.861777  1637635.397127  247351.819126  205172.038799  137848.534609  210017.387170  324178.714436  312459.168890  260876.076081  104048.725191  64875.490362  92680.507453  110799.404465  55959.948393  61816.430460  106523.034777  102084.318097  77633.793667  88273.976801  79030.802442  45725.488124  52576.650906  35712.121674  29992.020135  29474.477883  28562.010951  43665.453853  45119.188514  39528.884708  28530.700674  33348.937503  41397.208053  34791.035365  11697.618149   8267.560226  20223.354668  22410.675831  20815.125384  24947.646292  21537.226948  14303.588844  19681.542413  10321.374563  13862.072755
531530.671072  570824.908335  556559.170705  1637635.397127  5230205.138031  999489.553873  223716.938089  79972.827631  210103.455988  196298.557696  132836.631516  93261.368325  85041.631372  67222.193762  78404.623182  110235.670726  72901.016065  93668.000768  81019.029274  42413.141022  56643.861226  57003.711552  38383.223672  53317.760022  48899.877060  46125.702809  32243.028503  12799.610345  25013.085420  25063.667722  25001.793540  30800.682438  21001.016079  19757.158858  22366.236141  20953.579331  15472.168142  22022.634106  13333.223219  14819.744600  21046.955021  14598.243474  16109.325592  17840.739289  18888.753097  16111.760236  18563.684356
298880.192126  407129.100228  -4766.853862  247351.819126  999489.553873  3311153.621862  743550.855344  220226.935025  111295.276901  76922.660451  88993.673947  61796.591946  106986.151696  117739.758764  64217.194930  86112.651508  62203.576815  55210.105639  56543.625575  57470.475163  40145.156601  36281.110735  47954.856053  46429.630933  29543.538070  30904.695807  39115.131355  16246.611476  21915.539478  37767.510038  24276.992356  20321.494694  21763.762758   6311.680707  13111.527470  19744.643041  21725.396353  18489.163567  15921.573744  14938.042307  21435.153104  11922.282305   9155.652427  10832.755123  16659.210876  13942.917912   8612.787445
202830.289489  758362.592527  91897.384987  205172.038799  223716.938089  743550.855344  2148333.792022  477303.041819  108651.845770  127037.799657  110582.112378  72245.524080  77187.001876  82546.434039  80046.475789  62022.735998  44120.339265  62287.209422  48387.844672  35194.553601  52508.465456  46860.174241  40075.541352  30614.433685  18283.191405  19833.757070  37043.604063  29578.265711  22800.011333  29520.485991  22970.031741  18320.036790  23896.108877  20868.949487  16554.606028  23682.687774  16177.995688  14565.957002  15020.099133  18642.719818  18600.805156  12284.766633  12244.021170   7338.306037   9510.712058   8814.637000   8883.116972
309589.592891  119164.481651  137492.691963  137848.534609  79972.827631  220226.935025  477303.041820  1456503.011086  258550.119312  35593.726837  82360.181817  61498.552051  88209.383691  62714.809644  56926.563512  67343.060813  31484.581530  58856.208095  43939.233805  32813.440874  38478.446491  29406.144117  27070.731547  36083.892201  25903.029994  21997.048309  15584.001753   8729.614344  22695.405611  25026.606152  21138.189340  17599.965093  19968.105883  11431.979988  11956.558581  16317.195893  12397.116581  12776.737659  13129.472193  10599.257308  10105.661425   9857.800909   8383.960165   7931.615510   7762.226028   3867.798513   7498.703509
-254636.630451  34474.955764  180189.811847  210017.387170  210103.455988  111295.276901  108651.845770  258550.119312  1185860.949010  287855.583935  80304.782409  66517.567388  79847.482031  72768.223692  47784.540652  60480.885541  43856.439985  67080.772127  56264.772583  39443.314832  33827.462773  28410.255473  25682.389665  33802.206665  25526.995288  27091.597048  15586.991539  21582.971584  16869.688230  20797.384535  19379.952310  19564.613428  16326.122942  17251.521613  16742.610781  15361.442864  14270.565176  10728.734030  11899.949276   6967.484819  12935.396270   8023.015194  10776.645899   8377.025938   9079.247581   5695.373246   7768.720271
150822.199148  442405.224577  232523.762255  324178.714436  196298.557696  76922.660451  127037.799657  35593.726837  287855.583935  794864.877410  205406.354522  65862.135761  69164.469948  73252.806876  53029.234130  45553.266145  27991.314981  29100.035191  36273.976402  33053.918637  24084.598079  25337.626422  27462.891838  24258.163543  15443.740207  16686.831795  18291.845445  17600.455309  16987.542810  16330.671728  14866.147815  11524.925853  11438.084681   9037.627830   6378.462771   8232.108900   8964.233953  10870.729437  11442.409382   8943.807532   9553.307202   6581.517097   7224.321495   6654.651950   7605.206037   9734.034332   5492.585144
48589.826617  248536.801319  114580.542598  312459.168890  132836.631516  88993.673947  110582.112378  82360.181817  80304.782409  205406.354522  616222.135810  144319.560281  46854.903584  42022.649699  55648.429182  44166.730986  26973.530573  28436.793301  28838.527119  24526.169150  22391.790101  24834.260739  28129.609707  24220.075898  14964.526964  12760.142780  14272.944470  18381.858260  11594.775922  13366.166447  13261.201080  11047.565643  13096.124803  10545.713670  10461.821231   9286.972516   7005.390311   8088.970173  10570.357240   5611.208091   6850.892905   7124.902575   5444.489369   6211.218793   6670.129232   6973.949715   5454.538739
124086.122012  374005.105506  178102.141683  260876.076082  93261.368325  61796.591946  72245.524080  61498.552051  66517.567388  65862.135761  144319.560281  402089.928490  102425.069559  57902.133517  31175.655525  40713.888942  26421.775186  23437.427948  24050.280937  25746.339340  21089.008255  24707.233362  23065.817888  17291.402628  21820.163476  18181.415718   7700.038161  10967.792383  12051.467458  10968.479959   9790.209355  11007.964736   8910.470952   6148.806602   8590.663993   7423.882620   3922.412324   5861.674508   7723.504861   7707.649759   4949.290522   7029.861761   6394.729250   4995.764550   5211.042337   5451.472065   4636.119974
180247.422150  225446.447471  158512.782844  104048.725191  85041.631372  106986.151696  77187.001875  88209.383691  79847.482031  69164.469948  46854.903584  102425.069559  324350.036284  83907.493491  28304.703177  20871.509609  23489.844367  23158.751238  24981.201758  18992.776622  20014.091575  21015.258468  15789.719213  22642.889277  16388.712569  12919.904675  10619.503760  11157.816271  11217.031184  10428.704484   9067.673504   9910.553068   6971.632232   4671.384718   7593.458742   6229.577379   7103.832850   7065.373968   7554.979193   5530.858655   5337.539705   4848.830973   4485.983937   4016.507804   5915.996758   6078.762476   4125.086896
58690.406824  177826.593897  94641.511712  64875.490362  67222.193762  117739.758764  82546.434039  62714.809644  72768.223692  73252.806876  42022.649699  57902.133517  83907.493491  239557.164333  57796.708020  27021.453109  24443.002345  25506.136317  17535.586180  11202.858035  14262.554167  14008.487548  14447.765588  14033.204320  10883.489512  14091.181116  14692.445491  12963.091389   6821.052036   9384.705017   8066.298068   6063.107921   8884.890279   3337.438978   6425.576863   5283.936915   5129.991827   4214.726778   5687.628688   4809.414908   4365.446666   3805.113646   5083.187704   3384.220694   3071.900510   4540.171822   4098.368414
195727.718578  186680.953401  161157.565337  92680.507453  78404.623182  64217.194930  80046.475789  56926.563512  47784.540652  53029.234130  55648.429182  31175.655525  28304.703177  57796.708020  175781.502244  49795.503591  21207.883486  17379.918092  17325.235417  13170.164566  15785.592338  14789.084524  15523.563731  11832.707051  11577.245008   8438.758782  10829.705001  12702.255020   8724.313398   9111.653229   7697.047941   7461.125886   6069.428709   5174.772105   5725.429277   5791.195785   3924.477744   3531.471794   4793.984116   4362.567606   5490.121275   4370.777579   3887.452822   2640.433339   3038.856127   3428.188001   2854.676998
193426.339001  114631.987710  199936.077963  110799.404465  110235.670726  86112.651508  62022.735998  67343.060813  60480.885541  45553.266145  44166.730986  40713.888942  20871.509609  27021.453109  49795.503591  154441.121300  34739.796768  20557.361166  20174.728146  19497.351997  14142.601323  12490.515377  14929.719609  14732.849126  12406.092750   7908.889438   9100.551535   8860.189589   7150.797260  10153.391936   9625.834202   8109.953449   5911.246491   6326.562666   5807.055601   5745.491153   5816.026638   5524.628930   5725.564104   6365.530045   4995.368710   3787.739726   4500.959459   2992.294337   3713.974148   4900.779027   3083.648557
59924.861929  23595.083370  104919.269884  55959.948394  72901.016065  62203.576815  44120.339266  31484.581530  43856.439985  27991.314981  26973.530573  26421.775186  23489.844367  24443.002345  21207.883486  34739.796768  111806.401419  31462.446276  11892.680947  10977.503324   9661.066803   6032.337745   7715.628513   7666.580551   9825.338269   8082.848374   7529.987965   6379.624933   2387.809762   6744.163693   6373.223605   5441.233036   5035.622171   4396.366542   4699.839381   2801.431678   4452.310757   3836.271926   3284.485846   2779.222770   2942.342144   3457.337291   3446.355776   1856.241781   3415.191973   2845.850950   2623.521220
281576.084462  179910.546240  114374.635035  61816.430460  93668.000768  55210.105639  62287.209422  58856.208095  67080.772127  29100.035191  28436.793301  23437.427947  23158.751238  25506.136317  17379.918091  20557.361166  31462.446276  96516.283179  27890.913044  14047.529727   9533.381060   5683.561186   9958.464968   9562.046384   8648.736434   7222.356423   8690.870815   7830.098014   4417.878556   5269.583191   7675.770796   6199.303099   5945.340641   3357.952034   4920.504060   4223.556647   3084.843257   4506.437726   3038.071042   3268.369140   4102.780956   3242.148499   2567.652977   3134.022695   3322.334939   2814.712000   2922.267297
79287.901304  182646.328079  59627.831610  106523.034778  81019.029274  56543.625575  48387.844672  43939.233805  56264.772583  36273.976402  28838.527119  24050.280937  24981.201758  17535.586180  17325.235417  20174.728146  11892.680947  27890.913044  85843.119328  28888.134044  12863.514265  10039.118040  10730.958524  11387.632399   7380.723067   6940.688168   8978.471190   5829.706274   5962.351435   6044.204216   6005.111132   6281.158190   5999.946884   4902.551631   5200.738812   3710.768798   3887.669630   3426.770846   3951.012953   3257.100667   3722.458107   2833.558699   2959.392988   3107.302576   2880.976121   2769.529793   2876.046341
59179.157473  149519.576625  89088.312054  102084.318097  42413.141022  57470.475163  35194.553601  32813.440874  39443.314832  33053.918637  24526.169150  25746.339340  18992.776622  11202.858035  13170.164566  19497.351997  10977.503324  14047.529727  28888.134044  74346.323572  20256.245168   9461.581907   8327.949987   7897.798202   8304.197079   7867.543100   7067.869301   6041.292356   4498.512717   7216.037550   6454.310312   5369.530429   5599.308024   3911.891166   4293.406299   4345.306666   3944.751779   4121.776431   4747.170784   2917.486915   3365.084726   2855.081247   2962.146193   2379.339812   2553.880206   2727.064716   2218.904745
80984.525100  111591.893778  49280.029676  77633.793667  56643.861227  40145.156601  52508.465456  38478.446491  33827.462773  24084.598079  22391.790101  21089.008255  20014.091575  14262.554167  15785.592338  14142.601323   9661.066803   9533.381060  12863.514265  20256.245168  55016.067780  16520.775594   8739.019013   8399.399103   7292.905225   7946.566811   6024.057450   5495.906101   4709.146669   5109.935870   4648.770748   5177.548032   4474.778353   4783.582826   2775.753577   3760.636697   3154.183926   2860.022923   3505.729819   3519.072343   3633.120584   1562.285467   1648.527011   1709.038871   2821.361560   2389.670765   2354.982305
123806.344681  100233.134631   -563.655050  88273.976801  57003.711552  36281.110735  46860.174241  29406.144117  28410.255473  25337.626422  24834.260739  24707.233362  21015.258468  14008.487548  14789.084524  12490.515377   6032.337745   5683.561186  10039.118040   9461.581907  16520.775594  52069.790086  15533.637229   6224.215261   5008.046806   6091.917560   5816.483469   5242.436530   4880.481517   5734.945137   5307.371352   4942.459813   4343.198913   3900.001347   4530.949905   3566.103871   4500.212193   3123.689120   3597.506330   3385.412610   2645.776652   2419.934984   2165.824846   1956.587152   2180.229307   2311.603457   2265.792569
167497.612481  168530.641811  81827.333557  79030.802442  38383.223672  47954.856053  40075.541352  27070.731547  25682.389665  27462.891838  28129.609707  23065.817888  15789.719213  14447.765588  15523.563731  14929.719609   7715.628513   9958.464968  10730.958524   8327.949987   8739.019013  15533.637229  43029.696476  12977.840797   6469.630802   5771.587992   6286.083602   3825.122486   4097.386977   5632.025045   4197.267804   3738.810789   4426.427038   4015.131806   4629.662935   3766.730572   3432.876201   2347.271994   2821.658954   2578.243849   3005.295262   2648.746404   2109.027622   2060.836697   2013.571142   1713.569234   1474.763662
138069.041609  56420.822313  71394.757842  45725.488125  53317.760022  46429.630933  30614.433685  36083.892201  33802.206665  24258.163543  24220.075898  17291.402628  22642.889277  14033.204320  11832.707051  14732.849126   7666.580551   9562.046384  11387.632399   7897.798202   8399.399103   6224.215261  12977.840797  34576.768143   8652.985936   6184.720671   4302.305459   5280.729870   3625.587740   4236.360523   4877.843358   4305.158418   3526.431188   3934.503483   3563.080936   3682.469418   3872.722891   2813.592986   2906.336656   2763.981421   3191.529404   2077.204869   2412.564177   2375.755990   2510.432770   1913.554797   1645.374850
91298.231042  90064.181465  56730.356143  52576.650906  48899.877060  29543.538070  18283.191405  25903.029994  25526.995288  15443.740207  14964.526964  21820.163476  16388.712569  10883.489512  11577.245008  12406.092750   9825.338269   8648.736434   7380.723067   8304.197079   7292.905225   5008.046806   6469.630802   8652.985936  29091.068052  10360.045455   4681.574520   3958.371047   3508.755953   3603.817479   3418.763318   3278.545338   3061.628959   3347.105252   3418.535317   2617.907039   3208.041526   2673.055743   2495.665628   2161.938919   1991.790282   1607.519383   1726.998550   1757.566266   1955.172748   1821.134802   1444.124974
83373.895840  84065.352138  59357.365838  35712.121674  46125.702809  30904.695807  19833.757070  21997.048309  27091.597048  16686.831795  12760.142780  18181.415718  12919.904675  14091.181116   8438.758782   7908.889438   8082.848374   7222.356423   6940.688168   7867.543100   7946.566811   6091.917560   5771.587992   6184.720671  10360.045455  26517.763615   8976.398836   3627.418059   2852.168810   2883.398756   2905.330869   3893.599314   2813.800576   2568.586569   2453.963316   2040.934965   2542.896164   2291.910969   2350.432000   2381.591691   2086.961474   1382.609738   1481.549751   1362.758088   1250.371275   1270.816929   1178.221849
24573.884415  42768.072885  29879.923059  29992.020135  32243.028503  39115.131355  37043.604063  15584.001753  15586.991539  18291.845445  14272.944470   7700.038161  10619.503760  14692.445491  10829.705001   9100.551535   7529.987965   8690.870815   8978.471190   7067.869301   6024.057450   5816.483469   6286.083602   4302.305459   4681.574520   8976.398836  23145.379361   5908.995615   3435.127657   3486.290107   4132.900186   2923.030149   3223.817019   1585.316180   2567.534416   2295.290663   2826.577654   1804.402547   2291.325653   2334.099058   2416.430670   1684.939829   1692.501987   1760.396419   1744.500082   1729.969347   1546.495637
75761.753072  93672.918218  36533.540476  29474.477883  12799.610345  16246.611476  29578.265711   8729.614344  21582.971584  17600.455309  18381.858260  10967.792383  11157.816271  12963.091389  12702.255020   8860.189589   6379.624933   7830.098014   5829.706274   6041.292356   5495.906101   5242.436530   3825.122486   5280.729870   3958.371047   3627.418059   5908.995615  18659.053669   5708.100297   3263.360528   2776.483535   2726.759423   2721.529311   2399.358384   1792.393095   2258.037412   2379.607873   1931.877568   2156.413138   1914.714202   2122.605171   1373.421471   1638.449749   1459.285914   1462.758141   1703.605718   1402.368519
36787.320814  62413.884646  33471.079124  28562.010951  25013.085420  21915.539478  22800.011333  22695.405611  16869.688230  16987.542810  11594.775922  12051.467458  11217.031184   6821.052036   8724.313398   7150.797260   2387.809762   4417.878556   5962.351435   4498.512717   4709.146669   4880.481517   4097.386977   3625.587740   3508.755953   2852.168810   3435.127657   5708.100297  16723.223242   5565.160372   2560.920746   2036.021613   2113.676121   1995.022542   1605.296513   1860.298959   2161.821314   1696.558931   1816.127840   1470.161861   1378.914488    688.994243   1388.575115   1236.804506   1456.316851   1387.190920   1166.209930
59203.133647  73766.383467  43284.851403  43665.453853  25063.667722  37767.510038  29520.485991  25026.606152  20797.384535  16330.671728  13366.166447  10968.479959  10428.704484   9384.705017   9111.653229  10153.391936   6744.163693   5269.583191   6044.204216   7216.037550   5109.935870   5734.945137   5632.025045   4236.360523   3603.817479   2883.398756   3486.290107   3263.360528   5565.160372  15349.934627   5097.778414   2380.390700   2307.264105   2491.934933   2365.691430   2413.266040   2372.469583   1833.125505   2503.623844   1839.414988   2024.890427   1459.903403   1503.806500   1667.971264   1548.869425   1518.380360   1321.333625
19304.135843  32298.584164  40695.001640  45119.188514  25001.793540  24276.992356  22970.031741  21138.189340  19379.952310  14866.147815  13261.201080   9790.209355   9067.673504   8066.298068   7697.047941   9625.834202   6373.223605   7675.770796   6005.111132   6454.310312   4648.770748   5307.371352   4197.267804   4877.843358   3418.763318   2905.330869   4132.900186   2776.483535   2560.920746   5097.778414  14251.484773   4227.113560   2443.456598   2233.709455   2152.035770   2681.104321   2238.138483   1929.978250   2175.607729   1654.431999   1981.121578   1153.758842   1093.133332   1302.092373   1440.334340   1144.683322   1589.147908
18876.386777  18195.671255  31469.180047  39528.884708  30800.682438  20321.494694  18320.036790  17599.965093  19564.613428  11524.925853  11047.565643  11007.964736   9910.553068   6063.107921   7461.125886   8109.953449   5441.233036   6199.303099   6281.158190   5369.530429   5177.548032   4942.459813   3738.810789   4305.158418   3278.545338   3893.599314   2923.030149   2726.759423   2036.021613   2380.390700   4227.113560  11192.050219   3360.556062   1823.801501   1920.836902   2147.477523   2282.486751   1956.190486   1640.232654   1128.063215   1722.241548   1383.406226   1344.396269   1193.341918   1037.642181    942.304208    905.600285
78165.678583  50220.288677  23837.730309  28530.700674  21001.016079  21763.762758  23896.108877  19968.105883  16326.122942  11438.084681  13096.124803   8910.470952   6971.632232   8884.890279   6069.428709   5911.246491   5035.622171   5945.340641   5999.946884   5599.308024   4474.778353   4343.198913   4426.427038   3526.431188   3061.628959   2813.800576   3223.817019   2721.529311   2113.676121   2307.264105   2443.456598   3360.556062  11031.129691   2752.760502   1731.282159   1810.389382   1711.298131   1499.965655   1722.272110   1146.787425   1599.345665    784.477674   1099.096087   1057.805355   1085.356615    895.010561   1051.389195
72681.363781  32460.162429  36634.384465  33348.937503  19757.158858   6311.680707  20868.949487  11431.979988  17251.521613   9037.627830  10545.713670   6148.806602   4671.384718   3337.438978   5174.772105   6326.562666   4396.366542   3357.952034   4902.551631   3911.891166   4783.582826   3900.001347   4015.131806   3934.503483   3347.105252   2568.586569   1585.316180   2399.358384   1995.022542   2491.934933   2233.709455   1823.801501   2752.760502   9171.330592   2918.248408   1942.028612   1662.243310   1342.325635   1538.527252   1280.848795   1552.746222   1040.747449   1174.962111   1126.387262   1078.151200    999.077186    880.506256
56929.038225  29633.743808  10397.672023  41397.208053  22366.236141  13111.527470  16554.606028  11956.558581  16742.610781   6378.462771  10461.821231   8590.663993   7593.458742   6425.576863   5725.429277   5807.055601   4699.839381   4920.504060   5200.738812   4293.406299   2775.753577   4530.949905   4629.662935   3563.080936   3418.535317   2453.963316   2567.534416   1792.393095   1605.296513   2365.691430   2152.035770   1920.836902   1731.282159   2918.248408   9042.809690   2931.715595   2000.309178   1100.674853   1060.761532   1077.286284   1792.096660   1115.953300   1203.641961   1130.554734   1125.435080   1104.353432    945.676559
80773.284592  17634.237223  12515.211088  34791.035365  20953.579331  19744.643041  23682.687774  16317.195893  15361.442864   8232.108900   9286.972516   7423.882620   6229.577379   5283.936915   5791.195785   5745.491154   2801.431678   4223.556647   3710.768798   4345.306666   3760.636697   3566.103871   3766.730572   3682.469418   2617.907039   2040.934965   2295.290663   2258.037412   1860.298959   2413.266040   2681.104321   2147.477523   1810.389382   1942.028612   2931.715595   7787.853861   2460.351730   1583.487987   1356.672601   1168.756467   1410.963072   1028.157290    949.718955   1003.218612   1225.780123    888.747302   1162.265823
45413.070956  13312.981329  10032.461028  11697.618149  15472.168142  21725.396353  16177.995688  12397.116581  14270.565176   8964.233953   7005.390311   3922.412324   7103.832850   5129.991827   3924.477744   5816.026638   4452.310757   3084.843257   3887.669630   3944.751779   3154.183926   4500.212193   3432.876201   3872.722891   3208.041526   2542.896164   2826.577654   2379.607873   2161.821314   2372.469583   2238.138483   2282.486751   1711.298131   1662.243310   2000.309178   2460.351730   7031.015418   2451.557742   1650.528839   1616.485696   1590.182358   1020.159140   1053.516500   1034.832739   1215.030340   1228.301463   1065.693152
31231.553945  20189.197752  10650.863231   8267.560226  22022.634106  18489.163567  14565.957002  12776.737659  10728.734030  10870.729437   8088.970173   5861.674508   7065.373968   4214.726778   3531.471794   5524.628930   3836.271926   4506.437726   3426.770846   4121.776431   2860.022923   3123.689120   2347.271994   2813.592986   2673.055743   2291.910969   1804.402547   1931.877568   1696.558931   1833.125505   1929.978250   1956.190486   1499.965655   1342.325635   1100.674853   1583.487987   2451.557742   6638.691621   1983.140041   1149.546373   1211.613439   1271.213176    926.369757    741.286995    959.661790   1038.352952    864.602490
56887.061296  31784.597127  21555.542896  20223.354668  13333.223219  15921.573744  15020.099133  13129.472193  11899.949276  11442.409382  10570.357240   7723.504861   7554.979193   5687.628688   4793.984116   5725.564104   3284.485846   3038.071042   3951.012953   4747.170784   3505.729819   3597.506330   2821.658954   2906.336656   2495.665628   2350.432000   2291.325653   2156.413138   1816.127840   2503.623844   2175.607729   1640.232654   1722.272110   1538.527252   1060.761532   1356.672601   1650.528839   1983.140041   5593.440298   1774.308459   1109.495357   1052.894905    858.109536    919.750290    878.163131    965.240173    991.008792
43940.817744   8552.101320  13096.908778  22410.675831  14819.744600  14938.042307  18642.719818  10599.257308   6967.484819   8943.807532   5611.208091   7707.649759   5530.858655   4809.414908   4362.567606   6365.530045   2779.222770   3268.369140   3257.100667   2917.486915   3519.072343   3385.412610   2578.243849   2763.981421   2161.938919   2381.591691   2334.099058   1914.714202   1470.161861   1839.414988   1654.431999   1128.063215   1146.787425   1280.848795   1077.286284   1168.756467   1616.485696   1149.546373   1774.308459   5347.459374   1850.749284    886.657618    851.137613    929.750238    825.598547    996.950560    636.402476
55332.809491   7097.177723  22413.369689  20815.125384  21046.955021  21435.153104  18600.805156  10105.661425  12935.396270   9553.307202   6850.892905   4949.290522   5337.539705   4365.446666   5490.121275   4995.368710   2942.342144   4102.780956   3722.458107   3365.084726   3633.120584   2645.776652   3005.295262   3191.529404   1991.790282   2086.961474   2416.430670   2122.605171   1378.914488   2024.890427   1981.121578   1722.241548   1599.345665   1552.746222   1792.096660   1410.963072   1590.182358   1211.613439   1109.495357   1850.749284   5040.237343   1481.043867   1051.267119    840.493339    956.362447    880.618798   1070.542347
24924.729603  -8227.126480  16217.526189  24947.646292  14598.243474  11922.282305  12284.766633   9857.800909   8023.015194   6581.517097   7124.902575   7029.861761   4848.830973   3805.113646   4370.777579   3787.739726   3457.337291   3242.148499   2833.558699   2855.081247   1562.285467   2419.934984   2648.746404   2077.204869   1607.519383   1382.609738   1684.939829   1373.421471    688.994243   1459.903403   1153.758842   1383.406226    784.477674   1040.747449   1115.953300   1028.157290   1020.159140   1271.213176   1052.894905    886.657618   1481.043867   4336.630049   1229.816209    615.497521    616.817051    716.031977    642.792550
24683.000833  21364.991138   9772.354083  21537.226948  16109.325592   9155.652427  12244.021170   8383.960165  10776.645899   7224.321495   5444.489369   6394.729250   4485.983937   5083.187704   3887.452822   4500.959459   3446.355776   2567.652977   2959.392988   2962.146193   1648.527011   2165.824846   2109.027622   2412.564177   1726.998550   1481.549751   1692.501987   1638.449749   1388.575115   1503.806500   1093.133332   1344.396269   1099.096087   1174.962111   1203.641961    949.718955   1053.516500    926.369757    858.109536    851.137613   1051.267119   1229.816209   3835.196356   1046.585238    747.672007    762.682270    654.071123
28771.186756  17771.508661  23593.248765  14303.588844  17840.739289  10832.755123   7338.306037   7931.615510   8377.025938   6654.651950   6211.218793   4995.764550   4016.507804   3384.220694   2640.433340   2992.294337   1856.241781   3134.022695   3107.302576   2379.339812   1709.038871   1956.587152   2060.836697   2375.755990   1757.566266   1362.758088   1760.396419   1459.285914   1236.804506   1667.971264   1302.092373   1193.341918   1057.805355   1126.387262   1130.554734   1003.218612   1034.832739    741.286995    919.750290    929.750238    840.493339    615.497521   1046.585238   3644.931581   1233.292454    771.797266    713.342324
20026.301030  15009.393784  18442.615700  19681.542413  18888.753097  16659.210876   9510.712058   7762.226028   9079.247581   7605.206037   6670.129232   5211.042337   5915.996758   3071.900510   3038.856127   3713.974148   3415.191973   3322.334939   2880.976121   2553.880206   2821.361560   2180.229307   2013.571142   2510.432770   1955.172748   1250.371275   1744.500082   1462.758140   1456.316851   1548.869425   1440.334340   1037.642181   1085.356615   1078.151200   1125.435080   1225.780123   1215.030340    959.661790    878.163131    825.598547    956.362447    616.817051    747.672007   1233.292454   3569.445014   1145.516895    766.122238
30023.981500  27257.254160  14831.956035  10321.374563  16111.760236  13942.917912   8814.637000   3867.798513   5695.373246   9734.034332   6973.949715   5451.472065   6078.762476   4540.171822   3428.188001   4900.779027   2845.850950   2814.712000   2769.529793   2727.064716   2389.670765   2311.603457   1713.569234   1913.554797   1821.134802   1270.816929   1729.969347   1703.605718   1387.190920   1518.380360   1144.683322    942.304208    895.010561    999.077186   1104.353432    888.747302   1228.301463   1038.352952    965.240173    996.950560    880.618798    716.031977    762.682270    771.797266   1145.516895   3225.507739    970.224819
36295.660247   6347.741527   7472.237625  13862.072755  18563.684356   8612.787445   8883.116972   7498.703509   7768.720271   5492.585144   5454.538739   4636.119974   4125.086896   4098.368414   2854.676998   3083.648557   2623.521220   2922.267297   2876.046341   2218.904745   2354.982305   2265.792569   1474.763662   1645.374850   1444.124974   1178.221849   1546.495637   1402.368519   1166.209930   1321.333625   1589.147908    905.600285   1051.389195    880.506256    945.676559   1162.265823   1065.693152    864.602490    991.008792    636.402476   1070.542347    642.792550    654.071123    713.342324    766.122238    970.224819   3147.146425
