 4.99125e-06   4.18089e-06   4.02886e-06   3.71878e-06   3.44639e-06   3.16891e-06   2.98733e-06   2.95937e-06    2.5728e-06   2.40104e-06    2.1362e-06   1.96095e-06   1.99683e-06   1.92124e-06   1.67805e-06   1.46116e-06   1.36099e-06   1.28877e-06   1.17919e-06   1.11557e-06   9.99599e-07   8.79979e-07   7.67795e-07   6.61309e-07   6.46057e-07   6.68371e-07   5.30979e-07   5.05893e-07   5.11722e-07   3.33811e-07   3.90379e-07   2.38492e-07   3.63683e-07   3.73022e-07    3.8443e-07   3.30138e-07   2.41109e-07   1.98202e-07    2.5087e-07   1.15976e-07   9.88465e-08   1.76005e-08   4.98405e-08   6.70474e-08  -4.61038e-08   2.31873e-08  -7.22447e-08  -1.04428e-07  -4.10903e-08   8.64125e-09  -3.22888e-08  -2.19072e-08   -7.2114e-08   -2.5271e-08  -2.84009e-08   -6.9456e-08  -1.43101e-08   4.34587e-09   3.15413e-08   -4.9232e-09
 4.18089e-06   4.72468e-06   3.90486e-06   3.72432e-06   3.47175e-06   3.25378e-06   2.99284e-06   2.95571e-06   2.62773e-06   2.42996e-06   2.14179e-06   2.02292e-06   2.04014e-06   2.02126e-06   1.74061e-06   1.55041e-06   1.44734e-06   1.36345e-06    1.2427e-06    1.1775e-06   1.04847e-06   9.48557e-07   8.60829e-07   7.37411e-07    7.5566e-07   7.84208e-07   6.64065e-07   6.44989e-07   6.74717e-07   5.24643e-07    5.6437e-07   4.48508e-07   5.18512e-07   5.20718e-07    5.2713e-07   4.73427e-07   3.69561e-07   3.26298e-07   3.88584e-07   2.21926e-07   2.09561e-07   1.77651e-07   2.16977e-07    1.9647e-07   8.06208e-08    1.6085e-07   7.88703e-08    4.2803e-08   7.73287e-08   1.13576e-07   9.85451e-08   7.91984e-08     3.021e-08   7.04546e-08   2.48673e-09  -2.76473e-08   2.24807e-08   4.74456e-08    8.3862e-08   2.20154e-08
 4.02886e-06   3.90486e-06   4.44936e-06   3.71017e-06   3.46488e-06    3.2319e-06    3.0936e-06   2.94021e-06   2.65954e-06   2.45601e-06   2.21143e-06   1.99824e-06   2.06525e-06   2.00525e-06      1.73e-06   1.58661e-06   1.40714e-06     1.319e-06   1.23898e-06   1.14886e-06   9.88381e-07   8.41081e-07   7.33557e-07   6.59389e-07   6.74524e-07   6.94169e-07    5.7984e-07   5.58102e-07   5.64953e-07   4.47895e-07   5.19184e-07   3.39331e-07   4.86738e-07   4.00768e-07   4.63213e-07   3.68602e-07    3.0565e-07   2.47691e-07   2.67084e-07    1.7936e-07   1.57173e-07   9.82339e-08   9.96927e-08   1.36632e-07   6.11625e-08   1.41158e-07   6.67922e-08   1.76415e-08   4.07609e-08   7.64666e-08   4.70502e-08   2.00893e-08   -8.3841e-09   1.91726e-08   3.00675e-09  -5.57934e-08  -3.59428e-09   4.56981e-09   1.96255e-08  -2.80392e-08
 3.71878e-06   3.72432e-06   3.71017e-06   4.33775e-06   3.71183e-06   3.52685e-06    3.2073e-06   3.25633e-06   2.84747e-06   2.58023e-06   2.35565e-06   2.17252e-06   2.11967e-06   2.11474e-06   1.82159e-06   1.60113e-06   1.57995e-06   1.36419e-06   1.35395e-06   1.27882e-06   1.11098e-06   1.00445e-06   8.46597e-07   7.84914e-07   7.93628e-07   7.96149e-07   6.65919e-07   6.15097e-07   6.06335e-07   4.89443e-07   4.80268e-07   3.69177e-07   5.29532e-07   4.57397e-07   4.53678e-07   3.61796e-07   2.46428e-07   1.72695e-07   2.18102e-07   1.51351e-07   9.17299e-08   4.80151e-08   4.29728e-08   6.84689e-08  -3.81002e-08   4.53834e-08  -1.43183e-08  -7.34769e-08  -3.50054e-08  -4.83891e-09  -4.19001e-08  -9.44493e-09  -6.07436e-08  -1.46077e-08  -5.35162e-08   -1.2136e-07  -7.24348e-08  -3.47413e-08   1.06589e-08  -2.16839e-08
 3.44639e-06   3.47175e-06   3.46488e-06   3.71183e-06   4.10227e-06   3.51286e-06   3.22047e-06   3.27148e-06   2.87179e-06   2.63467e-06   2.37479e-06    2.1584e-06   2.15062e-06   2.05611e-06   1.82428e-06   1.62451e-06   1.52791e-06   1.32001e-06   1.27759e-06   1.24159e-06   1.08952e-06   1.02335e-06   9.03384e-07   8.60322e-07   8.40883e-07   8.77727e-07   7.42641e-07   6.99964e-07   6.87379e-07    5.9987e-07   5.43027e-07   4.16886e-07   5.44749e-07   4.72228e-07   4.91467e-07   4.69247e-07   3.65648e-07   2.62398e-07   2.99074e-07   1.96001e-07   8.14965e-08   5.81418e-08   2.91513e-08   3.85309e-08   7.46995e-09   7.28689e-08   4.54129e-09  -2.05273e-08   2.23911e-08   2.38004e-08   5.45295e-09   1.76141e-08  -1.38744e-08   2.94266e-08  -5.12062e-08  -1.07366e-07  -3.83932e-08  -3.26219e-08   1.23104e-08  -3.81653e-08
 3.16891e-06   3.25378e-06    3.2319e-06   3.52685e-06   3.51286e-06   3.90989e-06   3.24527e-06   3.30121e-06   2.89785e-06   2.67458e-06   2.49238e-06   2.31314e-06   2.36216e-06   2.22773e-06   1.98121e-06   1.80809e-06    1.6723e-06   1.42506e-06   1.37422e-06   1.25152e-06   1.17435e-06   1.06353e-06   9.25715e-07   8.55693e-07   8.54538e-07   8.87736e-07   7.32657e-07   6.77958e-07   6.72273e-07   5.85915e-07   5.53744e-07   4.29386e-07   5.25208e-07   4.62288e-07   4.47538e-07    3.9993e-07   2.89464e-07   2.38676e-07   2.51697e-07   1.80126e-07   7.30098e-08   7.08808e-08   5.59981e-08   3.57409e-08  -2.49317e-08    6.8223e-08  -1.64065e-08  -6.23404e-09      2.76e-08   1.62008e-08   -5.6025e-08   9.88225e-09   -6.8245e-08  -9.82771e-09  -7.66279e-08  -1.25182e-07   -7.2537e-08  -4.92178e-08  -3.65977e-08  -8.93121e-08
 2.98733e-06   2.99284e-06    3.0936e-06    3.2073e-06   3.22047e-06   3.24527e-06   3.57023e-06   3.14464e-06   2.83254e-06    2.6274e-06   2.40601e-06   2.24389e-06   2.25089e-06   2.07139e-06    1.8562e-06   1.64138e-06   1.51222e-06   1.34658e-06   1.31063e-06   1.16031e-06   1.06962e-06   1.00267e-06   9.19981e-07   8.95779e-07    8.7937e-07   9.02454e-07   7.71245e-07   7.12364e-07   7.23869e-07   5.85377e-07   5.74866e-07   4.17266e-07   5.21035e-07   4.58189e-07   4.44726e-07   3.97055e-07   2.83255e-07    1.9411e-07   2.75767e-07   2.04712e-07   1.00523e-07   8.91792e-08   3.22181e-08   5.65086e-08   7.34329e-10   8.26343e-08   2.08659e-08   1.47173e-08  -2.38964e-09   3.46199e-08  -9.78729e-09   3.66456e-08  -1.04612e-09   1.99932e-08  -3.89182e-08  -1.10761e-07  -7.72527e-08  -1.43823e-08   9.45855e-09  -6.29347e-08
 2.95937e-06   2.95571e-06   2.94021e-06   3.25633e-06   3.27148e-06   3.30121e-06   3.14464e-06   3.64575e-06   2.91393e-06   2.76374e-06   2.55465e-06   2.36247e-06    2.3609e-06   2.23741e-06   1.98205e-06   1.78417e-06   1.67482e-06   1.45531e-06   1.40558e-06   1.30075e-06   1.21961e-06    1.1266e-06   1.01777e-06   9.81194e-07   1.00065e-06   9.87729e-07   8.57475e-07   7.67855e-07   7.70688e-07   6.97311e-07   6.41767e-07   4.70251e-07   6.09661e-07   5.66052e-07   5.11462e-07   4.37323e-07   3.46831e-07   2.70213e-07   2.74425e-07   2.14756e-07   7.43835e-08   6.97793e-08   4.00051e-08   7.19571e-08   2.56364e-08   1.04756e-07  -2.91318e-09    2.5403e-08   2.37482e-08   7.19127e-09  -3.31323e-08   4.74516e-08  -6.06912e-08   9.92206e-09  -7.36655e-08  -1.02592e-07    -6.763e-08  -2.44621e-08  -2.13295e-08  -7.32886e-08
  2.5728e-06   2.62773e-06   2.65954e-06   2.84747e-06   2.87179e-06   2.89785e-06   2.83254e-06   2.91393e-06   3.10897e-06   2.71708e-06   2.47207e-06    2.3226e-06   2.27047e-06   2.18296e-06   1.94944e-06   1.76778e-06   1.67092e-06   1.45603e-06   1.38134e-06   1.26188e-06    1.1337e-06   1.05128e-06   9.53959e-07   9.62961e-07   9.24743e-07   9.32046e-07   7.88676e-07   7.40067e-07   7.26678e-07   5.90376e-07   5.54167e-07     4.136e-07   5.25417e-07   5.17146e-07   4.47112e-07   4.35836e-07   3.46177e-07   3.05068e-07    3.4059e-07   2.59438e-07   1.16364e-07   1.42543e-07   7.22719e-08   1.01802e-07   2.92056e-08   1.28984e-07   8.11299e-08   9.69342e-08   8.86185e-08    7.9235e-08   3.63759e-08   1.20507e-07   4.36574e-08   9.09712e-08   2.78619e-08  -5.44465e-08  -2.31198e-09   1.83885e-08   5.82005e-08  -2.54675e-08
 2.40104e-06   2.42996e-06   2.45601e-06   2.58023e-06   2.63467e-06   2.67458e-06    2.6274e-06   2.76374e-06   2.71708e-06   3.02893e-06   2.50466e-06   2.32887e-06   2.36079e-06   2.23498e-06   2.05712e-06   1.84724e-06   1.74225e-06    1.5805e-06   1.46871e-06   1.39885e-06   1.27801e-06   1.20628e-06   1.04409e-06   1.06885e-06   1.02176e-06   1.02373e-06   9.12782e-07   8.04505e-07   8.19567e-07   6.86419e-07   6.51211e-07   4.73789e-07    5.6289e-07   5.38271e-07   4.44593e-07   4.24783e-07   3.42276e-07   2.93177e-07   2.97539e-07   2.24503e-07   1.17978e-07   1.51853e-07   6.57083e-08   8.08136e-08   1.00787e-08   7.05055e-08   2.52541e-08   1.85326e-08   1.20466e-08   8.44143e-09    3.9335e-09   5.52639e-08  -5.53655e-09   4.97705e-08  -2.25565e-08  -7.69915e-08  -1.89496e-08    1.6358e-08   5.37816e-08  -1.07511e-09
  2.1362e-06   2.14179e-06   2.21143e-06   2.35565e-06   2.37479e-06   2.49238e-06   2.40601e-06   2.55465e-06   2.47207e-06   2.50466e-06   2.77201e-06   2.33622e-06   2.40511e-06   2.29686e-06   2.06783e-06    1.8852e-06   1.75563e-06   1.58147e-06   1.49995e-06   1.37005e-06   1.25092e-06   1.18726e-06    1.0655e-06   1.02595e-06   1.02897e-06   1.02312e-06    8.6402e-07   7.48795e-07   7.39362e-07   6.72565e-07   6.30071e-07    4.5278e-07   4.99197e-07   5.12839e-07   4.30864e-07   3.69602e-07   3.22298e-07   2.35518e-07   2.69817e-07   1.93319e-07   8.80738e-08   8.90867e-08   3.97147e-08   6.70733e-08   3.00109e-09   2.78809e-08   9.11926e-09   7.11079e-09  -5.63887e-09  -9.30525e-09  -4.82151e-08   1.29394e-08  -6.41813e-08   2.16469e-09  -6.54548e-08   -1.1373e-07  -6.25696e-08  -4.79781e-08   2.01641e-08  -4.79265e-08
 1.96095e-06   2.02292e-06   1.99824e-06   2.17252e-06    2.1584e-06   2.31314e-06   2.24389e-06   2.36247e-06    2.3226e-06   2.32887e-06   2.33622e-06   2.60877e-06   2.36103e-06   2.23457e-06   2.07277e-06     1.856e-06   1.73214e-06   1.59746e-06   1.55316e-06   1.41103e-06   1.31768e-06   1.25633e-06   1.13365e-06   1.05905e-06   1.06907e-06   1.09199e-06   8.89383e-07   7.99386e-07   8.16946e-07   6.92774e-07    6.5658e-07   5.26083e-07   5.20951e-07   5.30971e-07   4.34932e-07   3.96284e-07   2.98111e-07   2.60796e-07   2.73639e-07   2.05965e-07    1.0797e-07   1.17935e-07   7.91043e-08   1.30822e-07   3.02242e-08   1.19171e-07   7.18622e-08   4.69282e-08   5.63351e-08   5.49871e-08   1.57932e-08   9.05234e-08   2.24049e-08   6.38745e-08   9.07894e-09  -3.53785e-08  -3.28944e-08  -7.46312e-09   3.17676e-08  -4.13895e-08
 1.99683e-06   2.04014e-06   2.06525e-06   2.11967e-06   2.15062e-06   2.36216e-06   2.25089e-06    2.3609e-06   2.27047e-06   2.36079e-06   2.40511e-06   2.36103e-06   2.76426e-06   2.41373e-06    2.2691e-06   2.03555e-06   1.91458e-06   1.76956e-06    1.6996e-06   1.51068e-06   1.45926e-06   1.36722e-06   1.23707e-06   1.19341e-06   1.15178e-06   1.14845e-06   9.90982e-07   8.83898e-07   9.19085e-07   8.00643e-07   7.32051e-07   5.88281e-07   6.08569e-07   5.75947e-07   5.04357e-07   4.72816e-07   3.75515e-07   3.38781e-07   2.99287e-07   2.53913e-07   1.92208e-07   1.89559e-07   1.49898e-07   1.38165e-07   6.03011e-08   1.10322e-07   8.18131e-08   7.23892e-08   6.19438e-08   5.54193e-08   1.09505e-08   7.44729e-08   1.82087e-09   5.98354e-08  -9.26751e-09  -4.41598e-08  -5.70187e-08   2.35297e-09   4.40805e-08  -1.56343e-08
 1.92124e-06   2.02126e-06   2.00525e-06   2.11474e-06   2.05611e-06   2.22773e-06   2.07139e-06   2.23741e-06   2.18296e-06   2.23498e-06   2.29686e-06   2.23457e-06   2.41373e-06   2.64273e-06    2.3088e-06   2.08426e-06   1.96399e-06   1.79289e-06     1.709e-06   1.55289e-06   1.47793e-06   1.38832e-06   1.24727e-06   1.18577e-06   1.16749e-06   1.12166e-06   9.72951e-07   8.67959e-07    8.9881e-07   7.72009e-07   7.06301e-07   5.73819e-07   6.07685e-07   6.01102e-07    5.1575e-07     4.585e-07   3.98091e-07   3.37682e-07   3.49226e-07   2.81263e-07    1.8655e-07   2.14105e-07   1.63155e-07   1.64763e-07    1.0748e-07   1.45099e-07   1.15417e-07   7.70756e-08   9.41631e-08    8.4815e-08   4.97786e-08   1.19869e-07   4.57388e-08   1.01963e-07   1.62085e-08   1.57802e-08  -1.49511e-08   2.43206e-08   8.86731e-08   1.19529e-08
 1.67805e-06   1.74061e-06      1.73e-06   1.82159e-06   1.82428e-06   1.98121e-06    1.8562e-06   1.98205e-06   1.94944e-06   2.05712e-06   2.06783e-06   2.07277e-06    2.2691e-06    2.3088e-06    2.5376e-06    2.0799e-06   1.97579e-06   1.85775e-06   1.79349e-06   1.61394e-06   1.55483e-06    1.4796e-06   1.28777e-06   1.25366e-06   1.21424e-06   1.14317e-06   1.01321e-06   9.02486e-07   9.35469e-07   8.12914e-07   7.30776e-07   6.13648e-07   5.96223e-07   6.18337e-07   5.13731e-07   4.89675e-07   4.16726e-07   3.88195e-07   4.06271e-07   3.13307e-07   2.60716e-07   2.43533e-07    2.1811e-07   1.99518e-07   1.36431e-07   2.02126e-07   1.44851e-07   1.49394e-07   1.08474e-07   9.08858e-08   6.63263e-08   1.30715e-07    7.1246e-08   1.45636e-07   3.40205e-08   2.06079e-08   5.57146e-09   4.69336e-08   1.01948e-07   5.33164e-09
 1.46116e-06   1.55041e-06   1.58661e-06   1.60113e-06   1.62451e-06   1.80809e-06   1.64138e-06   1.78417e-06   1.76778e-06   1.84724e-06    1.8852e-06     1.856e-06   2.03555e-06   2.08426e-06    2.0799e-06    2.1162e-06   1.80217e-06   1.66415e-06   1.62063e-06    1.4506e-06   1.41989e-06    1.3124e-06    1.1472e-06   1.11681e-06   1.10299e-06   1.06103e-06   9.30556e-07   8.63266e-07    8.4017e-07   7.16642e-07   6.71718e-07   5.41246e-07   5.21371e-07   5.55219e-07    4.7278e-07   4.27313e-07   3.93086e-07   3.28604e-07   3.34121e-07   2.70815e-07   1.86981e-07    1.9182e-07   1.63456e-07   1.70383e-07   9.87093e-08   1.48297e-07   1.01068e-07   1.18211e-07   9.42055e-08   8.63682e-08   5.64056e-08   1.08396e-07   3.48683e-08   1.11793e-07   1.36879e-08  -1.88119e-08  -2.66173e-08   8.97654e-09   4.24341e-08  -3.52561e-08
 1.36099e-06   1.44734e-06   1.40714e-06   1.57995e-06   1.52791e-06    1.6723e-06   1.51222e-06   1.67482e-06   1.67092e-06   1.74225e-06   1.75563e-06   1.73214e-06   1.91458e-06   1.96399e-06   1.97579e-06   1.80217e-06   2.03863e-06   1.75539e-06   1.65708e-06   1.48961e-06   1.48993e-06   1.40569e-06   1.20597e-06   1.22742e-06   1.16235e-06   1.10877e-06   9.71337e-07   9.13374e-07   8.81187e-07   7.66432e-07   7.15318e-07   5.87121e-07    5.8972e-07   5.93644e-07   4.91377e-07   4.51083e-07   4.30656e-07   3.74973e-07   3.87037e-07    3.2639e-07   2.41548e-07    2.3754e-07   2.42466e-07   2.13836e-07   1.78047e-07   2.06776e-07    1.6645e-07   1.57716e-07   1.36636e-07   1.25912e-07     8.207e-08   1.20119e-07   6.16531e-08   1.14826e-07   6.08338e-08   8.07315e-09  -1.10971e-08   1.55118e-08   6.72517e-08  -1.06262e-08
 1.28877e-06   1.36345e-06     1.319e-06   1.36419e-06   1.32001e-06   1.42506e-06   1.34658e-06   1.45531e-06   1.45603e-06    1.5805e-06   1.58147e-06   1.59746e-06   1.76956e-06   1.79289e-06   1.85775e-06   1.66415e-06   1.75539e-06    1.9435e-06   1.65982e-06   1.53907e-06   1.51575e-06   1.44272e-06   1.24712e-06   1.19075e-06   1.18123e-06   1.11858e-06   9.95777e-07   8.90362e-07    8.9401e-07   7.57596e-07   7.25361e-07   5.83817e-07   5.70962e-07   5.77704e-07   4.96172e-07   4.53139e-07   4.17502e-07   3.62094e-07   3.55975e-07   2.92661e-07   2.36775e-07   2.15928e-07   2.11766e-07   1.88771e-07    1.2149e-07   1.77166e-07   1.36496e-07   1.20813e-07    8.3965e-08    9.0196e-08   4.73747e-08   7.59882e-08   3.24527e-08    9.0156e-08   6.11727e-09  -1.09289e-08  -5.68922e-08  -1.27199e-08   3.44051e-08  -4.08573e-08
 1.17919e-06    1.2427e-06   1.23898e-06   1.35395e-06   1.27759e-06   1.37422e-06   1.31063e-06   1.40558e-06   1.38134e-06   1.46871e-06   1.49995e-06   1.55316e-06    1.6996e-06     1.709e-06   1.79349e-06   1.62063e-06   1.65708e-06   1.65982e-06    1.9318e-06   1.61878e-06   1.55001e-06   1.49387e-06   1.30055e-06   1.26784e-06   1.28564e-06   1.18851e-06   1.07432e-06    9.6792e-07   9.24678e-07   7.76871e-07   7.07689e-07   6.41076e-07   5.93618e-07   5.84619e-07   5.00897e-07   4.71439e-07   4.40552e-07   3.76206e-07   3.58495e-07   3.02645e-07   2.75298e-07   2.09332e-07   2.36014e-07   2.11976e-07   1.74245e-07   1.99712e-07   1.39022e-07   1.28858e-07   1.15663e-07   9.67443e-08   6.84251e-08   9.86703e-08   5.30214e-08    1.0267e-07   9.72516e-09  -1.09751e-08  -1.09124e-08   1.50034e-08   6.20202e-08   3.85941e-09
 1.11557e-06    1.1775e-06   1.14886e-06   1.27882e-06   1.24159e-06   1.25152e-06   1.16031e-06   1.30075e-06   1.26188e-06   1.39885e-06   1.37005e-06   1.41103e-06   1.51068e-06   1.55289e-06   1.61394e-06    1.4506e-06   1.48961e-06   1.53907e-06   1.61878e-06   1.78102e-06   1.57202e-06   1.49603e-06   1.29512e-06   1.27681e-06     1.244e-06   1.18909e-06   1.10754e-06   9.77114e-07   9.44483e-07   8.03049e-07   7.58149e-07   6.89948e-07   6.61373e-07    6.4402e-07    5.5893e-07    5.5009e-07   4.73327e-07   4.04795e-07   3.80509e-07   3.27785e-07   2.80793e-07   2.27432e-07   2.58925e-07   2.36345e-07   1.91852e-07   2.31562e-07   1.49616e-07   1.46424e-07   1.33356e-07   1.13719e-07    8.1605e-08   1.26973e-07    5.6168e-08   1.16802e-07    4.7191e-08   3.25617e-08   6.13795e-09   4.19772e-08   5.22759e-08  -1.20622e-08
 9.99599e-07   1.04847e-06   9.88381e-07   1.11098e-06   1.08952e-06   1.17435e-06   1.06962e-06   1.21961e-06    1.1337e-06   1.27801e-06   1.25092e-06   1.31768e-06   1.45926e-06   1.47793e-06   1.55483e-06   1.41989e-06   1.48993e-06   1.51575e-06   1.55001e-06   1.57202e-06   1.76447e-06   1.53856e-06   1.32563e-06   1.30655e-06   1.24416e-06   1.22317e-06   1.10191e-06   1.00708e-06   9.51374e-07   8.36336e-07   7.66483e-07   6.97855e-07   6.56416e-07   6.50978e-07   5.32979e-07   5.02252e-07   4.28273e-07    3.8719e-07   3.62062e-07    3.2394e-07   2.70476e-07   2.09433e-07   2.50706e-07   2.15162e-07   1.81973e-07   2.25832e-07   1.64142e-07   1.71803e-07   1.52035e-07    1.2596e-07   7.98513e-08   1.29178e-07   5.18207e-08   1.18746e-07   4.23221e-08   4.14974e-08  -1.14773e-10   3.01145e-08   3.89777e-08  -7.35664e-09
 8.79979e-07   9.48557e-07   8.41081e-07   1.00445e-06   1.02335e-06   1.06353e-06   1.00267e-06    1.1266e-06   1.05128e-06   1.20628e-06   1.18726e-06   1.25633e-06   1.36722e-06   1.38832e-06    1.4796e-06    1.3124e-06   1.40569e-06   1.44272e-06   1.49387e-06   1.49603e-06   1.53856e-06   1.72839e-06   1.33934e-06   1.32139e-06   1.28025e-06   1.26479e-06   1.13159e-06   1.03353e-06     1.013e-06   8.56411e-07   7.85384e-07   7.12654e-07   6.45467e-07    6.2524e-07   5.75393e-07   5.43195e-07   4.64499e-07   3.87071e-07   3.76476e-07   3.37645e-07   2.67056e-07    2.3337e-07   2.47829e-07   2.24611e-07   1.99385e-07   2.18747e-07    1.4823e-07   1.35828e-07   1.15885e-07   9.20811e-08   7.96488e-08   1.19105e-07    6.4699e-08   1.12826e-07   3.67802e-08   5.95469e-08   8.43651e-09   4.73413e-08   9.90103e-08   2.19289e-08
 7.67795e-07   8.60829e-07   7.33557e-07   8.46597e-07   9.03384e-07   9.25715e-07   9.19981e-07   1.01777e-06   9.53959e-07   1.04409e-06    1.0655e-06   1.13365e-06   1.23707e-06   1.24727e-06   1.28777e-06    1.1472e-06   1.20597e-06   1.24712e-06   1.30055e-06   1.29512e-06   1.32563e-06   1.33934e-06   1.46069e-06   1.25443e-06   1.22031e-06   1.17352e-06    1.0641e-06   9.59939e-07   9.12514e-07   7.82159e-07   7.07128e-07   6.21183e-07   5.91358e-07   5.70287e-07    4.7953e-07   4.52479e-07   3.87687e-07   2.98782e-07   3.12848e-07     2.653e-07   2.22596e-07   1.77256e-07   1.78074e-07   1.85158e-07   1.58183e-07   1.98793e-07   1.31846e-07   1.45286e-07   1.19945e-07   8.84937e-08   9.96118e-08   1.34287e-07   8.10175e-08    1.0369e-07   5.27399e-08   4.11353e-08  -4.12061e-09   2.78081e-08   6.62388e-08   2.10718e-08
 6.61309e-07   7.37411e-07   6.59389e-07   7.84914e-07   8.60322e-07   8.55693e-07   8.95779e-07   9.81194e-07   9.62961e-07   1.06885e-06   1.02595e-06   1.05905e-06   1.19341e-06   1.18577e-06   1.25366e-06   1.11681e-06   1.22742e-06   1.19075e-06   1.26784e-06   1.27681e-06   1.30655e-06   1.32139e-06   1.25443e-06   1.51214e-06   1.31713e-06    1.2478e-06   1.17046e-06    1.0851e-06   1.03698e-06    8.9619e-07   8.00491e-07   7.22773e-07   7.00837e-07   6.65236e-07   6.05414e-07   5.54842e-07   5.27223e-07   4.46749e-07   4.36252e-07   3.99023e-07   3.13001e-07   2.67026e-07   2.76434e-07   2.64181e-07   2.21403e-07   2.67359e-07   2.06729e-07    1.9165e-07   1.90503e-07   1.48598e-07   1.40578e-07   1.64998e-07    1.2205e-07   1.37468e-07   7.38554e-08   6.97939e-08   3.98778e-08   4.89105e-08   8.50407e-08   4.77379e-08
 6.46057e-07    7.5566e-07   6.74524e-07   7.93628e-07   8.40883e-07   8.54538e-07    8.7937e-07   1.00065e-06   9.24743e-07   1.02176e-06   1.02897e-06   1.06907e-06   1.15178e-06   1.16749e-06   1.21424e-06   1.10299e-06   1.16235e-06   1.18123e-06   1.28564e-06     1.244e-06   1.24416e-06   1.28025e-06   1.22031e-06   1.31713e-06   1.47803e-06   1.24561e-06   1.14191e-06   1.08593e-06   1.01704e-06   8.75613e-07   8.09899e-07   7.24118e-07   6.72761e-07   6.55671e-07    5.7295e-07   5.20132e-07   4.71193e-07    4.0653e-07   4.04527e-07   3.51012e-07   2.75027e-07   2.27412e-07   2.48964e-07   2.44537e-07   2.19354e-07    2.4186e-07   1.81106e-07   1.32152e-07   1.44009e-07   1.32788e-07    1.0875e-07   1.23737e-07   8.17654e-08   1.11494e-07   3.25032e-08   4.99622e-08   1.33114e-08   3.46053e-08   5.70425e-08   1.43814e-08
 6.68371e-07   7.84208e-07   6.94169e-07   7.96149e-07   8.77727e-07   8.87736e-07   9.02454e-07   9.87729e-07   9.32046e-07   1.02373e-06   1.02312e-06   1.09199e-06   1.14845e-06   1.12166e-06   1.14317e-06   1.06103e-06   1.10877e-06   1.11858e-06   1.18851e-06   1.18909e-06   1.22317e-06   1.26479e-06   1.17352e-06    1.2478e-06   1.24561e-06   1.44509e-06   1.17806e-06   1.10415e-06    1.0475e-06   9.25243e-07   8.64338e-07   7.78917e-07    7.2285e-07   6.76846e-07   6.14574e-07   5.62027e-07   4.92263e-07    4.3567e-07   4.26053e-07   3.83481e-07   2.93359e-07   2.38205e-07   2.69933e-07    2.5914e-07   2.21803e-07   2.33387e-07   1.87466e-07   1.39647e-07    1.2942e-07   1.13974e-07   1.00421e-07   1.04513e-07   6.97715e-08   7.69348e-08   2.61001e-08   2.86718e-08   2.02046e-09    1.3591e-08   5.70479e-08   1.66086e-08
 5.30979e-07   6.64065e-07    5.7984e-07   6.65919e-07   7.42641e-07   7.32657e-07   7.71245e-07   8.57475e-07   7.88676e-07   9.12782e-07    8.6402e-07   8.89383e-07   9.90982e-07   9.72951e-07   1.01321e-06   9.30556e-07   9.71337e-07   9.95777e-07   1.07432e-06   1.10754e-06   1.10191e-06   1.13159e-06    1.0641e-06   1.17046e-06   1.14191e-06   1.17806e-06   1.29232e-06   1.08533e-06    1.0272e-06    9.3801e-07   9.06953e-07   8.19661e-07   7.63286e-07   7.11553e-07   6.65728e-07   5.88543e-07   5.19662e-07   4.70137e-07   4.32021e-07   4.19049e-07   3.44705e-07   2.67763e-07   3.14155e-07   2.59242e-07   2.34381e-07   2.46171e-07   2.08822e-07   1.74981e-07    1.5643e-07    1.3418e-07   1.28303e-07   1.36753e-07   1.16577e-07   1.19164e-07   6.31092e-08   3.65469e-08   1.25279e-08   4.19163e-08   6.08309e-08   5.68339e-08
 5.05893e-07   6.44989e-07   5.58102e-07   6.15097e-07   6.99964e-07   6.77958e-07   7.12364e-07   7.67855e-07   7.40067e-07   8.04505e-07   7.48795e-07   7.99386e-07   8.83898e-07   8.67959e-07   9.02486e-07   8.63266e-07   9.13374e-07   8.90362e-07    9.6792e-07   9.77114e-07   1.00708e-06   1.03353e-06   9.59939e-07    1.0851e-06   1.08593e-06   1.10415e-06   1.08533e-06   1.21414e-06   1.01991e-06   9.20161e-07    8.7277e-07   7.95067e-07   7.35377e-07   6.68174e-07   6.19534e-07   5.45482e-07   5.00465e-07   4.49306e-07   4.51649e-07   4.27826e-07   3.36267e-07   2.85102e-07   3.29633e-07   2.96771e-07   2.57573e-07   2.78956e-07   2.23783e-07   1.89188e-07   1.71876e-07   1.77504e-07      1.58e-07   1.63798e-07   1.26246e-07   1.35459e-07   9.89395e-08   5.61343e-08   4.74251e-08    7.2834e-08   7.48099e-08   6.17684e-08
 5.11722e-07   6.74717e-07   5.64953e-07   6.06335e-07   6.87379e-07   6.72273e-07   7.23869e-07   7.70688e-07   7.26678e-07   8.19567e-07   7.39362e-07   8.16946e-07   9.19085e-07    8.9881e-07   9.35469e-07    8.4017e-07   8.81187e-07    8.9401e-07   9.24678e-07   9.44483e-07   9.51374e-07     1.013e-06   9.12514e-07   1.03698e-06   1.01704e-06    1.0475e-06    1.0272e-06   1.01991e-06   1.16401e-06   9.32154e-07   8.90817e-07   8.11448e-07   7.57739e-07   7.07791e-07   6.34146e-07   5.76736e-07   5.05368e-07     4.707e-07   4.36654e-07   4.08121e-07   3.36592e-07   2.88431e-07   3.03926e-07   2.93884e-07    2.2702e-07   2.54323e-07   1.84935e-07   1.78099e-07   1.31537e-07    1.3204e-07   1.26073e-07   1.38813e-07   1.18038e-07   1.34019e-07   5.86016e-08    5.6288e-08   1.32585e-08   3.17739e-08   6.02082e-08   5.77101e-08
 3.33811e-07   5.24643e-07   4.47895e-07   4.89443e-07    5.9987e-07   5.85915e-07   5.85377e-07   6.97311e-07   5.90376e-07   6.86419e-07   6.72565e-07   6.92774e-07   8.00643e-07   7.72009e-07   8.12914e-07   7.16642e-07   7.66432e-07   7.57596e-07   7.76871e-07   8.03049e-07   8.36336e-07   8.56411e-07   7.82159e-07    8.9619e-07   8.75613e-07   9.25243e-07    9.3801e-07   9.20161e-07   9.32154e-07   1.09236e-06   9.05661e-07   8.18249e-07   7.72227e-07   7.10268e-07   6.37039e-07   5.72214e-07   5.17713e-07   5.10114e-07   4.62865e-07   4.78787e-07   3.86077e-07   3.54043e-07   3.73752e-07   3.50533e-07   3.14841e-07   3.04672e-07   2.59169e-07     2.418e-07    2.0099e-07   1.70704e-07   1.51218e-07   1.45608e-07    1.1094e-07   1.08645e-07   6.64832e-08    7.2907e-08   4.05882e-08    4.4122e-08   6.28068e-08   5.49313e-08
 3.90379e-07    5.6437e-07   5.19184e-07   4.80268e-07   5.43027e-07   5.53744e-07   5.74866e-07   6.41767e-07   5.54167e-07   6.51211e-07   6.30071e-07    6.5658e-07   7.32051e-07   7.06301e-07   7.30776e-07   6.71718e-07   7.15318e-07   7.25361e-07   7.07689e-07   7.58149e-07   7.66483e-07   7.85384e-07   7.07128e-07   8.00491e-07   8.09899e-07   8.64338e-07   9.06953e-07    8.7277e-07   8.90817e-07   9.05661e-07   1.07522e-06   8.50615e-07   7.94117e-07   7.38513e-07   7.00313e-07   6.34346e-07   5.70405e-07   5.33213e-07   4.98644e-07   4.93417e-07    3.9716e-07   3.37152e-07   3.66073e-07    3.4189e-07   2.92387e-07   2.99249e-07   2.44501e-07   2.14227e-07   2.03782e-07   1.77592e-07   1.68333e-07   1.54606e-07   1.07839e-07   1.42926e-07   9.76328e-08   7.19527e-08   6.15853e-08   5.89887e-08   6.89874e-08   6.42216e-08
 2.38492e-07   4.48508e-07   3.39331e-07   3.69177e-07   4.16886e-07   4.29386e-07   4.17266e-07   4.70251e-07     4.136e-07   4.73789e-07    4.5278e-07   5.26083e-07   5.88281e-07   5.73819e-07   6.13648e-07   5.41246e-07   5.87121e-07   5.83817e-07   6.41076e-07   6.89948e-07   6.97855e-07   7.12654e-07   6.21183e-07   7.22773e-07   7.24118e-07   7.78917e-07   8.19661e-07   7.95067e-07   8.11448e-07   8.18249e-07   8.50615e-07   9.87669e-07   8.37768e-07   7.47222e-07    7.0729e-07    6.4496e-07   5.82096e-07   5.47245e-07   4.98805e-07   4.65188e-07   4.01453e-07   3.40797e-07   3.65101e-07   3.61252e-07   3.24526e-07   3.06964e-07   2.74972e-07   2.42942e-07   2.00831e-07    1.7871e-07   1.65849e-07   1.65365e-07   1.15635e-07   1.38873e-07   9.79532e-08   8.91707e-08   8.34273e-08   6.95197e-08   9.68778e-08   7.98367e-08
 3.63683e-07   5.18512e-07   4.86738e-07   5.29532e-07   5.44749e-07   5.25208e-07   5.21035e-07   6.09661e-07   5.25417e-07    5.6289e-07   4.99197e-07   5.20951e-07   6.08569e-07   6.07685e-07   5.96223e-07   5.21371e-07    5.8972e-07   5.70962e-07   5.93618e-07   6.61373e-07   6.56416e-07   6.45467e-07   5.91358e-07   7.00837e-07   6.72761e-07    7.2285e-07   7.63286e-07   7.35377e-07   7.57739e-07   7.72227e-07   7.94117e-07   8.37768e-07   9.52632e-07   7.44841e-07    7.0394e-07   6.45817e-07   6.00455e-07   5.62224e-07   5.14035e-07   4.72856e-07   4.04692e-07   3.38425e-07   3.39288e-07   3.24079e-07   2.97989e-07   3.06569e-07   2.67549e-07   2.35795e-07    2.1055e-07   1.64949e-07    1.7106e-07   1.65369e-07    1.2276e-07   1.18542e-07   1.01316e-07   1.04903e-07   7.88525e-08   6.94851e-08   9.84083e-08   7.50172e-08
 3.73022e-07   5.20718e-07   4.00768e-07   4.57397e-07   4.72228e-07   4.62288e-07   4.58189e-07   5.66052e-07   5.17146e-07   5.38271e-07   5.12839e-07   5.30971e-07   5.75947e-07   6.01102e-07   6.18337e-07   5.55219e-07   5.93644e-07   5.77704e-07   5.84619e-07    6.4402e-07   6.50978e-07    6.2524e-07   5.70287e-07   6.65236e-07   6.55671e-07   6.76846e-07   7.11553e-07   6.68174e-07   7.07791e-07   7.10268e-07   7.38513e-07   7.47222e-07   7.44841e-07   8.69725e-07   7.11075e-07   6.83981e-07   6.55282e-07   6.10196e-07   5.82851e-07   5.31167e-07   4.56654e-07   3.93383e-07   3.82254e-07   3.79161e-07   3.56636e-07     3.448e-07   3.18753e-07   2.98046e-07     2.681e-07    2.2774e-07   2.21482e-07   2.20339e-07   1.79238e-07   1.84773e-07   1.43593e-07   1.41574e-07   1.20527e-07   1.17301e-07   1.38921e-07   9.50912e-08
  3.8443e-07    5.2713e-07   4.63213e-07   4.53678e-07   4.91467e-07   4.47538e-07   4.44726e-07   5.11462e-07   4.47112e-07   4.44593e-07   4.30864e-07   4.34932e-07   5.04357e-07    5.1575e-07   5.13731e-07    4.7278e-07   4.91377e-07   4.96172e-07   5.00897e-07    5.5893e-07   5.32979e-07   5.75393e-07    4.7953e-07   6.05414e-07    5.7295e-07   6.14574e-07   6.65728e-07   6.19534e-07   6.34146e-07   6.37039e-07   7.00313e-07    7.0729e-07    7.0394e-07   7.11075e-07   8.07709e-07   6.80127e-07   6.60461e-07   6.02058e-07   5.68745e-07   5.29387e-07   4.47111e-07   3.88747e-07   3.86336e-07   3.88847e-07   3.50939e-07   3.33387e-07   2.91651e-07   2.68637e-07   2.42969e-07   2.07962e-07   2.07246e-07   2.06682e-07   1.67016e-07    1.6386e-07   1.54733e-07   1.44368e-07   1.25876e-07   1.36032e-07   1.64814e-07   1.18077e-07
 3.30138e-07   4.73427e-07   3.68602e-07   3.61796e-07   4.69247e-07    3.9993e-07   3.97055e-07   4.37323e-07   4.35836e-07   4.24783e-07   3.69602e-07   3.96284e-07   4.72816e-07     4.585e-07   4.89675e-07   4.27313e-07   4.51083e-07   4.53139e-07   4.71439e-07    5.5009e-07   5.02252e-07   5.43195e-07   4.52479e-07   5.54842e-07   5.20132e-07   5.62027e-07   5.88543e-07   5.45482e-07   5.76736e-07   5.72214e-07   6.34346e-07    6.4496e-07   6.45817e-07   6.83981e-07   6.80127e-07   7.75989e-07   6.73851e-07    6.2652e-07   5.94821e-07   5.70345e-07   4.83198e-07   4.20461e-07   3.88425e-07   3.80302e-07   3.67161e-07   3.50696e-07   3.15456e-07   2.95135e-07   2.63992e-07   2.29055e-07   2.40526e-07    2.1698e-07   1.76911e-07   1.89716e-07   1.76388e-07   1.64412e-07   1.51049e-07   1.40971e-07   1.68352e-07   1.04669e-07
 2.41109e-07   3.69561e-07    3.0565e-07   2.46428e-07   3.65648e-07   2.89464e-07   2.83255e-07   3.46831e-07   3.46177e-07   3.42276e-07   3.22298e-07   2.98111e-07   3.75515e-07   3.98091e-07   4.16726e-07   3.93086e-07   4.30656e-07   4.17502e-07   4.40552e-07   4.73327e-07   4.28273e-07   4.64499e-07   3.87687e-07   5.27223e-07   4.71193e-07   4.92263e-07   5.19662e-07   5.00465e-07   5.05368e-07   5.17713e-07   5.70405e-07   5.82096e-07   6.00455e-07   6.55282e-07   6.60461e-07   6.73851e-07   8.00059e-07   6.60208e-07   6.40863e-07   6.09353e-07   5.33285e-07   4.70796e-07   4.22726e-07   4.12955e-07   3.83561e-07   3.60118e-07   3.18894e-07    3.0261e-07    2.6554e-07   2.37916e-07   2.29172e-07   2.05041e-07   1.66683e-07   1.70922e-07   1.54487e-07   1.67293e-07   1.42839e-07    1.3603e-07    1.6683e-07   1.15754e-07
 1.98202e-07   3.26298e-07   2.47691e-07   1.72695e-07   2.62398e-07   2.38676e-07    1.9411e-07   2.70213e-07   3.05068e-07   2.93177e-07   2.35518e-07   2.60796e-07   3.38781e-07   3.37682e-07   3.88195e-07   3.28604e-07   3.74973e-07   3.62094e-07   3.76206e-07   4.04795e-07    3.8719e-07   3.87071e-07   2.98782e-07   4.46749e-07    4.0653e-07    4.3567e-07   4.70137e-07   4.49306e-07     4.707e-07   5.10114e-07   5.33213e-07   5.47245e-07   5.62224e-07   6.10196e-07   6.02058e-07    6.2652e-07   6.60208e-07   7.58403e-07   6.40512e-07   6.06045e-07   5.44517e-07   4.62773e-07   4.36052e-07   4.32353e-07   4.04289e-07   3.67988e-07   3.52922e-07   3.23129e-07   2.95468e-07   2.58171e-07     2.503e-07   2.29154e-07   1.91542e-07   1.95558e-07   1.78551e-07   1.82534e-07   1.55886e-07   1.61583e-07   1.71706e-07   1.34214e-07
  2.5087e-07   3.88584e-07   2.67084e-07   2.18102e-07   2.99074e-07   2.51697e-07   2.75767e-07   2.74425e-07    3.4059e-07   2.97539e-07   2.69817e-07   2.73639e-07   2.99287e-07   3.49226e-07   4.06271e-07   3.34121e-07   3.87037e-07   3.55975e-07   3.58495e-07   3.80509e-07   3.62062e-07   3.76476e-07   3.12848e-07   4.36252e-07   4.04527e-07   4.26053e-07   4.32021e-07   4.51649e-07   4.36654e-07   4.62865e-07   4.98644e-07   4.98805e-07   5.14035e-07   5.82851e-07   5.68745e-07   5.94821e-07   6.40863e-07   6.40512e-07   7.58335e-07   6.53617e-07   5.74456e-07   5.24544e-07   4.86464e-07   4.70285e-07   4.49951e-07   4.35587e-07    4.0298e-07   3.62846e-07   3.26078e-07   2.99719e-07   2.84228e-07   2.57317e-07   2.36236e-07   2.23836e-07   2.07205e-07   2.13153e-07   1.84552e-07   1.78837e-07   1.99195e-07   1.52408e-07
 1.15976e-07   2.21926e-07    1.7936e-07   1.51351e-07   1.96001e-07   1.80126e-07   2.04712e-07   2.14756e-07   2.59438e-07   2.24503e-07   1.93319e-07   2.05965e-07   2.53913e-07   2.81263e-07   3.13307e-07   2.70815e-07    3.2639e-07   2.92661e-07   3.02645e-07   3.27785e-07    3.2394e-07   3.37645e-07     2.653e-07   3.99023e-07   3.51012e-07   3.83481e-07   4.19049e-07   4.27826e-07   4.08121e-07   4.78787e-07   4.93417e-07   4.65188e-07   4.72856e-07   5.31167e-07   5.29387e-07   5.70345e-07   6.09353e-07   6.06045e-07   6.53617e-07   7.53768e-07   6.08998e-07   5.53538e-07   5.15943e-07   4.99742e-07   4.82072e-07   4.67659e-07   4.25726e-07   3.90589e-07   3.53754e-07   3.26499e-07   3.12806e-07   2.86442e-07   2.54506e-07   2.56977e-07   2.48336e-07   2.44367e-07   2.19538e-07   2.10262e-07   2.17092e-07   1.84487e-07
 9.88465e-08   2.09561e-07   1.57173e-07   9.17299e-08   8.14965e-08   7.30098e-08   1.00523e-07   7.43835e-08   1.16364e-07   1.17978e-07   8.80738e-08    1.0797e-07   1.92208e-07    1.8655e-07   2.60716e-07   1.86981e-07   2.41548e-07   2.36775e-07   2.75298e-07   2.80793e-07   2.70476e-07   2.67056e-07   2.22596e-07   3.13001e-07   2.75027e-07   2.93359e-07   3.44705e-07   3.36267e-07   3.36592e-07   3.86077e-07    3.9716e-07   4.01453e-07   4.04692e-07   4.56654e-07   4.47111e-07   4.83198e-07   5.33285e-07   5.44517e-07   5.74456e-07   6.08998e-07    6.8604e-07   5.47941e-07    5.1239e-07   5.10043e-07   4.71384e-07   4.44175e-07   4.02573e-07   3.74898e-07   3.23003e-07   3.03732e-07   2.87617e-07    2.6885e-07   2.33467e-07   2.20272e-07   2.10819e-07   2.17675e-07    1.8946e-07   1.77969e-07   1.89856e-07   1.62262e-07
 1.76005e-08   1.77651e-07   9.82339e-08   4.80151e-08   5.81418e-08   7.08808e-08   8.91792e-08   6.97793e-08   1.42543e-07   1.51853e-07   8.90867e-08   1.17935e-07   1.89559e-07   2.14105e-07   2.43533e-07    1.9182e-07    2.3754e-07   2.15928e-07   2.09332e-07   2.27432e-07   2.09433e-07    2.3337e-07   1.77256e-07   2.67026e-07   2.27412e-07   2.38205e-07   2.67763e-07   2.85102e-07   2.88431e-07   3.54043e-07   3.37152e-07   3.40797e-07   3.38425e-07   3.93383e-07   3.88747e-07   4.20461e-07   4.70796e-07   4.62773e-07   5.24544e-07   5.53538e-07   5.47941e-07   6.48425e-07   5.21288e-07   5.28642e-07   4.84558e-07   4.63949e-07   4.30367e-07   3.94828e-07   3.59978e-07   3.56307e-07   3.42638e-07   3.19913e-07   2.71857e-07    2.6841e-07   2.49395e-07   2.64503e-07   2.29459e-07    2.1525e-07    2.1404e-07   1.89465e-07
 4.98405e-08   2.16977e-07   9.96927e-08   4.29728e-08   2.91513e-08   5.59981e-08   3.22181e-08   4.00051e-08   7.22719e-08   6.57083e-08   3.97147e-08   7.91043e-08   1.49898e-07   1.63155e-07    2.1811e-07   1.63456e-07   2.42466e-07   2.11766e-07   2.36014e-07   2.58925e-07   2.50706e-07   2.47829e-07   1.78074e-07   2.76434e-07   2.48964e-07   2.69933e-07   3.14155e-07   3.29633e-07   3.03926e-07   3.73752e-07   3.66073e-07   3.65101e-07   3.39288e-07   3.82254e-07   3.86336e-07   3.88425e-07   4.22726e-07   4.36052e-07   4.86464e-07   5.15943e-07    5.1239e-07   5.21288e-07   6.38039e-07    5.4162e-07   5.23305e-07   4.92912e-07    4.5471e-07   4.14246e-07   3.88203e-07   3.52354e-07   3.17725e-07   2.88801e-07   2.57734e-07   2.51375e-07   2.42224e-07    2.4848e-07   2.21851e-07    1.8613e-07   1.96871e-07    1.7653e-07
 6.70474e-08    1.9647e-07   1.36632e-07   6.84689e-08   3.85309e-08   3.57409e-08   5.65086e-08   7.19571e-08   1.01802e-07   8.08136e-08   6.70733e-08   1.30822e-07   1.38165e-07   1.64763e-07   1.99518e-07   1.70383e-07   2.13836e-07   1.88771e-07   2.11976e-07   2.36345e-07   2.15162e-07   2.24611e-07   1.85158e-07   2.64181e-07   2.44537e-07    2.5914e-07   2.59242e-07   2.96771e-07   2.93884e-07   3.50533e-07    3.4189e-07   3.61252e-07   3.24079e-07   3.79161e-07   3.88847e-07   3.80302e-07   4.12955e-07   4.32353e-07   4.70285e-07   4.99742e-07   5.10043e-07   5.28642e-07    5.4162e-07   6.61301e-07   5.46944e-07   5.17382e-07   4.84625e-07   4.49438e-07   4.12001e-07    3.9514e-07   3.66349e-07   3.53803e-07   2.95728e-07   2.91205e-07    2.8276e-07   2.81257e-07   2.59815e-07   2.28007e-07   2.33384e-07   1.96964e-07
-4.61038e-08   8.06208e-08   6.11625e-08  -3.81002e-08   7.46995e-09  -2.49317e-08   7.34329e-10   2.56364e-08   2.92056e-08   1.00787e-08   3.00109e-09   3.02242e-08   6.03011e-08    1.0748e-07   1.36431e-07   9.87093e-08   1.78047e-07    1.2149e-07   1.74245e-07   1.91852e-07   1.81973e-07   1.99385e-07   1.58183e-07   2.21403e-07   2.19354e-07   2.21803e-07   2.34381e-07   2.57573e-07    2.2702e-07   3.14841e-07   2.92387e-07   3.24526e-07   2.97989e-07   3.56636e-07   3.50939e-07   3.67161e-07   3.83561e-07   4.04289e-07   4.49951e-07   4.82072e-07   4.71384e-07   4.84558e-07   5.23305e-07   5.46944e-07   6.42393e-07   5.31015e-07   4.90849e-07   4.65218e-07   4.21484e-07    3.9673e-07   3.81341e-07   3.46557e-07   3.07079e-07   2.94162e-07    3.0474e-07   3.07115e-07   2.67977e-07   2.36301e-07   2.52465e-07   1.93724e-07
 2.31873e-08    1.6085e-07   1.41158e-07   4.53834e-08   7.28689e-08    6.8223e-08   8.26343e-08   1.04756e-07   1.28984e-07   7.05055e-08   2.78809e-08   1.19171e-07   1.10322e-07   1.45099e-07   2.02126e-07   1.48297e-07   2.06776e-07   1.77166e-07   1.99712e-07   2.31562e-07   2.25832e-07   2.18747e-07   1.98793e-07   2.67359e-07    2.4186e-07   2.33387e-07   2.46171e-07   2.78956e-07   2.54323e-07   3.04672e-07   2.99249e-07   3.06964e-07   3.06569e-07     3.448e-07   3.33387e-07   3.50696e-07   3.60118e-07   3.67988e-07   4.35587e-07   4.67659e-07   4.44175e-07   4.63949e-07   4.92912e-07   5.17382e-07   5.31015e-07   6.17871e-07   5.07237e-07   4.99613e-07   4.52421e-07   4.31196e-07   3.99638e-07   3.83759e-07   3.40566e-07   3.22386e-07   3.18848e-07   3.18286e-07   2.76723e-07   2.47405e-07   2.45654e-07   1.96338e-07
-7.22447e-08   7.88703e-08   6.67922e-08  -1.43183e-08   4.54129e-09  -1.64065e-08   2.08659e-08  -2.91318e-09   8.11299e-08   2.52541e-08   9.11926e-09   7.18622e-08   8.18131e-08   1.15417e-07   1.44851e-07   1.01068e-07    1.6645e-07   1.36496e-07   1.39022e-07   1.49616e-07   1.64142e-07    1.4823e-07   1.31846e-07   2.06729e-07   1.81106e-07   1.87466e-07   2.08822e-07   2.23783e-07   1.84935e-07   2.59169e-07   2.44501e-07   2.74972e-07   2.67549e-07   3.18753e-07   2.91651e-07   3.15456e-07   3.18894e-07   3.52922e-07    4.0298e-07   4.25726e-07   4.02573e-07   4.30367e-07    4.5471e-07   4.84625e-07   4.90849e-07   5.07237e-07   5.99123e-07   5.09335e-07   4.77199e-07   4.50593e-07   4.14546e-07   3.88023e-07   3.45048e-07   3.22493e-07   3.22181e-07   3.24027e-07   2.76772e-07   2.41434e-07   2.47088e-07   1.92402e-07
