12843380.736208  1213681.776487  267230.957547  126151.520549  236206.060131  217704.711672  150654.814359  116814.628054  123397.727604  92653.357174  79274.209872  67763.094191  51443.257291  51787.100245  46139.925356  30344.789381  26283.872675  12878.327034  20125.984145  13901.631759  10561.487743  19146.741181  13253.882916
1213681.776488  4098448.631099  424425.948505  161576.017391  227478.639115  125754.544406  75851.175806  86834.202388  86302.632615  66378.147174  62436.528361  50294.345892  36350.630957  23236.330676  33145.781880  29170.535577  27950.498356  20107.076295  16240.169688  19512.435760  18649.722533  17820.660747  15170.432767
267230.957547  424425.948505  1684629.231437  225767.239419  102727.532906  79821.335424  84853.545680  61851.459349  55396.980331  46093.193394  42897.807004  30219.050504  31592.121226  23009.126187  28258.590050  21127.614123  14715.266135  20234.014383  15856.544991  18465.420802  11480.210951  10832.450687   9905.948801
126151.520550  161576.017391  225767.239419  782254.436342  123574.044532  74630.128641  59585.536625  50163.417534  56644.387117  36173.514294  27537.952533  30112.371566  20012.061329  17671.593593  21430.403556  18320.808798  14567.591093  14566.347405  12073.694882  10174.224340   9282.845964   8327.706905   6279.760577
236206.060131  227478.639115  102727.532906  123574.044532  450431.994736  80762.824828  55422.701878  35621.479209  30609.975439  25732.175872  26502.753442  19553.314695  15390.404802  16004.231985  14367.192198  11811.171278   9188.756061   8341.727320  10196.293141   7646.055008   6564.148486   6768.402167   6836.492072
217704.711672  125754.544406  79821.335424  74630.128641  80762.824827  230738.689109  49472.009502  27321.919074  23950.276255  21292.182721  20876.272941  19512.565325  12207.882310  11344.876539  10026.831132   9113.779449   6740.174981   6185.558566   7081.822847   5831.984194   5611.721571   5041.916632   5060.517120
150654.814359  75851.175806  84853.545680  59585.536625  55422.701878  49472.009502  131099.774314  30429.812439  19216.889272  13711.674200  14732.590518  12030.791976  11898.338905  10255.848750   8539.463533   7106.211530   5203.708605   5004.452993   4548.326606   4772.028839   4281.808450   3022.971241   3690.114766
116814.628054  86834.202388  61851.459349  50163.417534  35621.479209  27321.919074  30429.812439  82853.838732  20793.109780  13317.654526  10135.831844  11017.576443   8139.835461   6047.131621   8121.644114   6056.449799   5262.061972   4655.865437   4530.242761   4180.950824   3782.218030   2985.869827   3316.874325
123397.727604  86302.632615  55396.980331  56644.387117  30609.975439  23950.276255  19216.889272  20793.109780  59346.119597  16359.895800   9219.120823   9207.190564   7988.951095   5982.115260   6250.336483   6104.673220   4629.363229   3722.982968   3723.862042   3591.038985   2897.119051   3104.913657   2845.561042
92653.357174  66378.147174  46093.193394  36173.514294  25732.175872  21292.182721  13711.674200  13317.654526  16359.895800  42129.264156  10736.319416   7961.993696   7193.137004   5166.577241   5812.548193   5139.295272   3924.601797   3779.578977   3791.497266   3370.634429   2233.172243   2369.072807   2418.068112
79274.209873  62436.528361  42897.807004  27537.952533  26502.753442  20876.272941  14732.590518  10135.831844   9219.120823  10736.319416  31377.773761   7687.759440   5995.488088   4487.403897   5193.882248   4351.688153   4278.706578   3811.737209   2961.120899   2897.192895   2332.397593   2053.017354   1925.114875
67763.094191  50294.345892  30219.050504  30112.371566  19553.314695  19512.565325  12030.791976  11017.576443   9207.190564   7961.993696   7687.759440  20161.293295   6355.232259   4065.987742   4018.278601   3523.468928   3557.657510   3336.643463   2716.800649   2512.996781   1948.863633   2141.191970   1700.187995
51443.257291  36350.630957  31592.121226  20012.061329  15390.404802  12207.882310  11898.338905   8139.835461   7988.951095   7193.137004   5995.488088   6355.232259  16854.876170   3957.264991   3371.924677   3203.922752   2291.725077   2439.661488   2182.814913   2305.931708   1565.551668   1536.605235   1437.170512
51787.100245  23236.330676  23009.126187  17671.593593  16004.231985  11344.876539  10255.848750   6047.131621   5982.115260   5166.577241   4487.403897   4065.987742   3957.264991  11676.876495   3535.680845   2390.718654   1937.841576   2164.090817   1897.998150   1713.823766   1272.147003   1403.378892   1408.276892
46139.925356  33145.781880  28258.590050  21430.403556  14367.192198  10026.831132   8539.463533   8121.644114   6250.336483   5812.548193   5193.882248   4018.278601   3371.924677   3535.680845   9939.106143   2838.721518   2306.859270   2422.942345   2114.184680   1876.985759   1298.362548   1487.196439   1394.095728
30344.789381  29170.535577  21127.614123  18320.808798  11811.171278   9113.779449   7106.211530   6056.449799   6104.673220   5139.295272   4351.688153   3523.468928   3203.922752   2390.718654   2838.721518   7236.605821   2056.249490   1982.246503   1701.794879   1405.208364   1149.229073   1092.307491    949.846764
26283.872675  27950.498356  14715.266135  14567.591093   9188.756061   6740.174981   5203.708605   5262.061972   4629.363229   3924.601797   4278.706578   3557.657510   2291.725077   1937.841576   2306.859270   2056.249490   6012.904010   2131.914129   1257.067449   1432.439937   1135.909108   1115.162751    982.023985
12878.327034  20107.076295  20234.014383  14566.347405   8341.727320   6185.558566   5004.452993   4655.865437   3722.982968   3779.578977   3811.737209   3336.643463   2439.661488   2164.090817   2422.942345   1982.246503   2131.914129   4925.083996   1764.459899   1453.126088   1013.406797   1122.026214   1088.748135
20125.984145  16240.169688  15856.544991  12073.694882  10196.293141   7081.822847   4548.326606   4530.242761   3723.862042   3791.497266   2961.120899   2716.800649   2182.814913   1897.998150   2114.184680   1701.794879   1257.067449   1764.459899   4039.184677   1310.072176   1022.041443    876.156032    964.366753
13901.631759  19512.435760  18465.420802  10174.224340   7646.055008   5831.984194   4772.028839   4180.950824   3591.038985   3370.634429   2897.192895   2512.996781   2305.931708   1713.823766   1876.985759   1405.208364   1432.439937   1453.126088   1310.072176   3519.435603   1069.548088    888.413718    897.404392
10561.487743  18649.722533  11480.210951   9282.845964   6564.148486   5611.721571   4281.808450   3782.218030   2897.119051   2233.172243   2332.397593   1948.863633   1565.551668   1272.147003   1298.362548   1149.229073   1135.909108   1013.406797   1022.041443   1069.548088   2652.237910    758.726623    693.354400
19146.741181  17820.660747  10832.450687   8327.706905   6768.402167   5041.916632   3022.971241   2985.869827   3104.913657   2369.072807   2053.017354   2141.191970   1536.605235   1403.378892   1487.196439   1092.307491   1115.162751   1122.026214    876.156032    888.413718    758.726623   2419.975079    849.222136
13253.882916  15170.432767   9905.948801   6279.760577   6836.492072   5060.517120   3690.114766   3316.874325   2845.561042   2418.068112   1925.114875   1700.187995   1437.170512   1408.276892   1394.095728    949.846764    982.023985   1088.748135    964.366753    897.404392    693.354400    849.222136   2077.936583
