 4.56099e-06   3.72492e-06   3.07393e-06   2.41335e-06   2.01927e-06   1.58232e-06   1.26622e-06   9.40205e-07   7.19276e-07   5.77077e-07   3.98734e-07   4.43414e-07   3.18615e-07   2.25424e-07   1.24857e-07   4.55221e-08   2.42026e-08   1.65153e-08  -1.60615e-08   3.25418e-08
 3.72492e-06   3.84694e-06   3.25136e-06   2.54978e-06   2.09473e-06   1.63103e-06   1.28192e-06   9.49166e-07   7.80224e-07    6.3836e-07   4.67639e-07   4.78364e-07    3.1076e-07   1.80855e-07   6.74293e-08   3.72066e-08    4.8914e-09  -5.49029e-09  -4.06711e-08  -1.52116e-08
 3.07393e-06   3.25136e-06   3.38536e-06   2.67857e-06   2.26825e-06   1.76292e-06   1.33504e-06   1.05643e-06   9.18966e-07   7.44403e-07    5.5027e-07   5.05954e-07   3.16541e-07   1.82046e-07   5.80193e-08   2.94112e-08   1.58557e-08  -1.46085e-08  -5.70181e-08  -3.86499e-08
 2.41335e-06   2.54978e-06   2.67857e-06   2.69315e-06   2.30439e-06   1.85754e-06   1.44364e-06   1.12959e-06   1.00264e-06   7.93318e-07   5.68352e-07   4.96292e-07   3.39311e-07   2.09126e-07   8.89651e-08   4.17581e-08   3.10931e-08   1.52572e-08  -2.05283e-08   3.40131e-09
 2.01927e-06   2.09473e-06   2.26825e-06   2.30439e-06   2.44948e-06   2.02482e-06    1.6213e-06   1.31987e-06   1.13317e-06   8.93741e-07   6.70834e-07   5.44767e-07   3.70754e-07   2.38844e-07   1.50644e-07   9.45461e-08   6.76923e-08   4.83937e-08   1.96238e-08   1.00451e-08
 1.58232e-06   1.63103e-06   1.76292e-06   1.85754e-06   2.02482e-06   2.03725e-06   1.65038e-06   1.36204e-06    1.1527e-06   9.15293e-07   6.81402e-07   5.49166e-07   4.10039e-07   3.01522e-07   2.08844e-07   1.53979e-07   1.18706e-07   8.11461e-08   5.35331e-08   2.80232e-08
 1.26622e-06   1.28192e-06   1.33504e-06   1.44364e-06    1.6213e-06   1.65038e-06   1.69729e-06   1.43197e-06   1.21597e-06   9.74736e-07   7.15275e-07   5.76607e-07   4.38666e-07    3.1192e-07   2.22293e-07   1.69507e-07   1.14669e-07    7.1584e-08   4.24135e-08    1.5767e-08
 9.40205e-07   9.49166e-07   1.05643e-06   1.12959e-06   1.31987e-06   1.36204e-06   1.43197e-06   1.47999e-06    1.2528e-06   1.01716e-06   7.49144e-07    5.8995e-07   4.25671e-07   3.02625e-07   2.12845e-07   1.80099e-07   1.26652e-07   9.33251e-08    6.7197e-08   3.54264e-08
 7.19276e-07   7.80224e-07   9.18966e-07   1.00264e-06   1.13317e-06    1.1527e-06   1.21597e-06    1.2528e-06   1.33853e-06   1.09494e-06   8.20785e-07   6.53237e-07   4.89381e-07   3.63213e-07   2.54982e-07   2.19549e-07   1.46175e-07   1.12109e-07   6.63338e-08   3.89647e-08
 5.77077e-07    6.3836e-07   7.44403e-07   7.93318e-07   8.93741e-07   9.15293e-07   9.74736e-07   1.01716e-06   1.09494e-06   1.10242e-06   8.74802e-07    6.9457e-07   5.12862e-07   3.98208e-07   2.93382e-07   2.34721e-07    1.6032e-07   1.34638e-07   8.37933e-08   4.64766e-08
 3.98734e-07   4.67639e-07    5.5027e-07   5.68352e-07   6.70834e-07   6.81402e-07   7.15275e-07   7.49144e-07   8.20785e-07   8.74802e-07   9.21532e-07   7.37664e-07   5.67807e-07   4.52859e-07   3.54473e-07   2.90886e-07   2.03048e-07   1.42556e-07   9.83912e-08    6.5707e-08
 4.43414e-07   4.78364e-07   5.05954e-07   4.96292e-07   5.44767e-07   5.49166e-07   5.76607e-07    5.8995e-07   6.53237e-07    6.9457e-07   7.37664e-07   7.70966e-07   6.33103e-07   5.00287e-07   3.69425e-07   3.18709e-07   2.35932e-07   1.84703e-07   1.40057e-07   1.17529e-07
 3.18615e-07    3.1076e-07   3.16541e-07   3.39311e-07   3.70754e-07   4.10039e-07   4.38666e-07   4.25671e-07   4.89381e-07   5.12862e-07   5.67807e-07   6.33103e-07   6.94877e-07   5.79821e-07   4.25245e-07   3.57689e-07   2.74301e-07   2.11442e-07   1.75507e-07   1.55266e-07
 2.25424e-07   1.80855e-07   1.82046e-07   2.09126e-07   2.38844e-07   3.01522e-07    3.1192e-07   3.02625e-07   3.63213e-07   3.98208e-07   4.52859e-07   5.00287e-07   5.79821e-07    6.5179e-07   5.13242e-07   4.42018e-07   3.39607e-07    2.6868e-07   2.26912e-07   1.96321e-07
 1.24857e-07   6.74293e-08   5.80193e-08   8.89651e-08   1.50644e-07   2.08844e-07   2.22293e-07   2.12845e-07   2.54982e-07   2.93382e-07   3.54473e-07   3.69425e-07   4.25245e-07   5.13242e-07   5.70242e-07   4.88674e-07    3.9138e-07   3.12444e-07   2.64571e-07   2.20549e-07
 4.55221e-08   3.72066e-08   2.94112e-08   4.17581e-08   9.45461e-08   1.53979e-07   1.69507e-07   1.80099e-07   2.19549e-07   2.34721e-07   2.90886e-07   3.18709e-07   3.57689e-07   4.42018e-07   4.88674e-07   5.45967e-07   4.55837e-07   3.67168e-07   3.15099e-07   2.54449e-07
 2.42026e-08    4.8914e-09   1.58557e-08   3.10931e-08   6.76923e-08   1.18706e-07   1.14669e-07   1.26652e-07   1.46175e-07    1.6032e-07   2.03048e-07   2.35932e-07   2.74301e-07   3.39607e-07    3.9138e-07   4.55837e-07   5.17118e-07   4.21644e-07   3.63865e-07    2.9231e-07
 1.65153e-08  -5.49029e-09  -1.46085e-08   1.52572e-08   4.83937e-08   8.11461e-08    7.1584e-08   9.33251e-08   1.12109e-07   1.34638e-07   1.42556e-07   1.84703e-07   2.11442e-07    2.6868e-07   3.12444e-07   3.67168e-07   4.21644e-07   4.70222e-07   4.21598e-07   3.52387e-07
-1.60615e-08  -4.06711e-08  -5.70181e-08  -2.05283e-08   1.96238e-08   5.35331e-08   4.24135e-08    6.7197e-08   6.63338e-08   8.37933e-08   9.83912e-08   1.40057e-07   1.75507e-07   2.26912e-07   2.64571e-07   3.15099e-07   3.63865e-07   4.21598e-07   4.70072e-07   4.01412e-07
 3.25418e-08  -1.52116e-08  -3.86499e-08   3.40131e-09   1.00451e-08   2.80232e-08    1.5767e-08   3.54264e-08   3.89647e-08   4.64766e-08    6.5707e-08   1.17529e-07   1.55266e-07   1.96321e-07   2.20549e-07   2.54449e-07    2.9231e-07   3.52387e-07   4.01412e-07   4.53903e-07
