5354039.117111  557841.031360  -109399.479949  -41618.339222  72187.165284  53122.524916   8142.546434  37872.362176  61379.966285   6114.201007  13430.627819  11874.527654   4702.377232   8319.294796   9636.802772  15027.306998    296.405778   1573.608608   1502.869789   7385.770350   1867.569692   4340.698969
557841.031360  2369309.112263  272343.200855  23002.107615  72044.594007  12269.727940  -13376.481551   8719.920373  24057.321693  24242.075416  11124.002977   7119.228807  13359.176655    160.196783   6934.164962   6775.346903   3005.794709   1789.140624    694.314662   2373.085468   1433.915040   4298.027375
-109399.479949  272343.200855  1095830.104521  129725.936024   4057.467309   6799.068034   9597.851338  15325.652514  16935.925923   4212.224505  15176.322553  13308.178625  16568.570695   6309.793677  10365.505169   6049.948771   5315.483363   4077.411844   1117.128444   4517.568709   5222.285177   2844.970723
-41618.339222  23002.107615  129725.936024  682937.094482  71394.221034  10918.794251  32464.827851  19924.558965  12350.759781   9137.583512  11748.841093   8228.488359   4282.455771   6332.706479   1853.962085   7781.323829   5860.339072   8969.592417   -132.204723   2112.809410   6268.889766   5613.952100
72187.165284  72044.594007   4057.467309  71394.221034  380135.798047  55453.647708  20913.268975    967.804512   4137.878014   5945.918042   8404.662203   3746.978060   3344.987945  -1785.722069   1019.378787   2796.567549  -1456.980138   1038.708649   2396.994971   1603.522495   2513.943809   1177.985136
53122.524916  12269.727941   6799.068034  10918.794251  55453.647708  226999.469422  25807.711368   5989.162108    895.253178   -185.328982   1466.159609   3946.286549   3745.757927   3422.209900     65.921854   1392.376935   -411.780524   1721.704843   2924.472944   1230.323296    779.848318    969.587638
 8142.546433  -13376.481551   9597.851338  32464.827851  20913.268975  25807.711368  136721.807869  13616.342095   2652.236897   3111.016855    796.223458   4814.766664   3328.355245   4285.565250    459.299821   4318.659511   1390.453904   1312.480804    997.189879   1394.785161   1354.737973   1375.016376
37872.362176   8719.920373  15325.652514  19924.558965    967.804512   5989.162108  13616.342095  85410.513484  10897.914174    325.388988  -1494.594821   2740.866246   2500.664119    989.822415   1456.309260   2485.578652    395.328726    588.415616   2178.632658   1363.157620    756.535110   1140.485216
61379.966285  24057.321693  16935.925923  12350.759781   4137.878014    895.253178   2652.236897  10897.914174  62411.248930   7872.101683   1262.268112   1144.791008   -165.624898   1812.498891    836.072181    909.088962    355.223825   1108.060342    970.308794    875.213397   1739.060962    794.501794
 6114.201007  24242.075416   4212.224505   9137.583512   5945.918042   -185.328982   3111.016855    325.388988   7872.101683  44025.388489   5342.943055   1750.324602    338.264595    918.649528   1285.625233    604.995273    219.734689   1513.001107   1656.678082    887.168966    741.844578   1133.390691
13430.627819  11124.002977  15176.322553  11748.841093   8404.662203   1466.159609    796.223458  -1494.594821   1262.268112   5342.943055  34291.750982   4739.040588    693.149751    135.223202   1797.808061    924.073165    702.169224   1107.842155    842.149221   1066.369964   1564.831998    947.315543
11874.527654   7119.228807  13308.178625   8228.488359   3746.978060   3946.286549   4814.766664   2740.866246   1144.791008   1750.324602   4739.040588  24874.893589   4572.665745   -283.555547   1153.064913   1383.730408    701.494241    871.897496    146.323499   1220.254445   1355.278282    935.848679
 4702.377232  13359.176655  16568.570695   4282.455771   3344.987945   3745.757927   3328.355245   2500.664119   -165.624898    338.264595    693.149751   4572.665745  18197.112079   2290.855670   1656.992427    873.812650    688.364547    859.170733    695.679892    902.747557    845.548810    970.678297
 8319.294796    160.196783   6309.793677   6332.706479  -1785.722069   3422.209900   4285.565250    989.822415   1812.498891    918.649528    135.223202   -283.555547   2290.855670  13716.512763   2205.825084    846.629831    423.644831    745.173452    351.282030    587.614632    412.808016    170.277034
 9636.802772   6934.164962  10365.505169   1853.962085   1019.378787     65.921854    459.299821   1456.309260    836.072181   1285.625233   1797.808061   1153.064913   1656.992427   2205.825084  11084.284757   1334.950208    236.256080    566.197073     55.345777    711.124007    295.149447    247.853868
15027.306998   6775.346903   6049.948771   7781.323829   2796.567549   1392.376935   4318.659511   2485.578652    909.088962    604.995273    924.073165   1383.730408    873.812650    846.629831   1334.950208   8525.830376   1204.800927    599.263974    205.450997    834.324776    359.215546    520.872998
  296.405778   3005.794709   5315.483363   5860.339072  -1456.980138   -411.780524   1390.453904    395.328726    355.223825    219.734689    702.169224    701.494241    688.364547    423.644831    236.256080   1204.800927   6765.571841    961.986003    415.141116    443.396615    555.548806    335.182971
 1573.608608   1789.140624   4077.411844   8969.592417   1038.708649   1721.704843   1312.480804    588.415616   1108.060342   1513.001107   1107.842155    871.897496    859.170733    745.173452    566.197073    599.263974    961.986003   5730.933468    906.769967    360.800379    497.634295    544.467042
 1502.869789    694.314662   1117.128444   -132.204723   2396.994971   2924.472944    997.189879   2178.632658    970.308794   1656.678082    842.149221    146.323499    695.679892    351.282030     55.345777    205.450997    415.141116    906.769967   4827.577248    787.783055    548.922108    405.468755
 7385.770350   2373.085468   4517.568709   2112.809410   1603.522495   1230.323296   1394.785161   1363.157620    875.213397    887.168966   1066.369964   1220.254445    902.747557    587.614632    711.124007    834.324776    443.396615    360.800379    787.783055   4111.919181    721.312029    518.345571
 1867.569692   1433.915040   5222.285177   6268.889766   2513.943809    779.848318   1354.737973    756.535110   1739.060962    741.844578   1564.831998   1355.278282    845.548810    412.808016    295.149447    359.215546    555.548806    497.634295    548.922108    721.312029   3462.222287    708.164601
 4340.698969   4298.027375   2844.970723   5613.952100   1177.985136    969.587638   1375.016376   1140.485216    794.501794   1133.390691    947.315543    935.848679    970.678297    170.277034    247.853868    520.872998    335.182971    544.467042    405.468755    518.345571    708.164601   3136.272952
