27966166.689946  2383361.129807  263075.480466  602270.350571  32719.851769  235838.610824  260184.561107  166723.323703  164056.086146  85026.061506  185267.500733  124441.082446  116542.593833  129966.536006  91071.793473  55431.543408  72699.580536  57243.267630  20244.202579  49992.092239  36351.699332  26181.087910  27443.092910  25168.309745   9632.067821  20302.459529  18070.333036  21247.814053
2383361.129807  8672449.527945  1144656.810125  59027.226178  129282.406081  215108.416139  246828.473906  108549.034220  123534.055147  96929.501973  80949.022545  91436.850971  57792.821380  66920.887442  67416.203630  28738.157567  32098.059483  39960.704941  38365.071676  31049.473326  27109.622197  16269.499126  14392.507280  17519.991065  22417.416557  18077.174483  18066.967150  12601.290173
263075.480466  1144656.810125  3758357.784212  529815.464921  154675.330969  202178.367846  122234.169571  89835.161971  106241.145566  78384.600238  91287.269754  59853.557989  52124.113985  52023.430802  45442.850110  37099.114562  20356.141089  31443.670695  30661.584488  21660.312381  19504.739302  19819.702157  16734.283914  17230.818455  15954.161409  15358.851049  17615.426782  15609.300217
602270.350572  59027.226178  529815.464921  1741446.034348  263709.981496  95159.430168  86776.988432  92037.917147  73021.267603  58178.788547  55007.729994  42605.898476  43458.358942  38143.530817  23878.291230  33843.555817  24225.309691  28626.582666  18663.704137  19913.671520  17212.649182  19311.548448  16591.409728  17026.376800  15978.401508   9687.675463  11118.881035   8701.114345
32719.851769  129282.406081  154675.330969  263709.981496  925407.304889  150390.612132  78331.225219  80914.538636  61506.225227  49891.295329  56292.445991  40594.607718  31550.811097  31906.362697  28276.309214  17604.982001  17997.888749  22177.119301  19617.801739  18081.124171  14443.587593  14710.917374  12633.360604   9361.192100   9889.438412   8836.230361   7720.603477   8167.714599
235838.610825  215108.416139  202178.367846  95159.430168  150390.612132  553389.940721  114136.180130  61340.849761  51356.665626  36596.614809  34197.396870  31325.647835  24401.759475  29013.995967  16047.738949  16925.721161  16603.312716  13884.354632  14738.453299  10708.994892   8427.238265   9272.877328  10931.790463   8902.373412   8032.306542   6608.191980   7254.430412   5396.279115
260184.561107  246828.473906  122234.169571  86776.988432  78331.225219  114136.180130  341523.989530  68098.233333  42900.105646  33326.512009  26214.535355  24719.385819  24770.955945  21920.148869  19878.898884  12141.649295  13174.541336  12309.273479  10518.461985   9464.926291   9211.358745   6318.390428   7523.086857   6592.626463   6889.014567   6241.604549   6008.162795   5462.673477
166723.323703  108549.034220  89835.161971  92037.917147  80914.538636  61340.849761  68098.233333  215370.134775  41151.468473  23288.366085  23562.499905  17044.982443  17157.692979  16276.003450  15777.930481  13256.758279  11032.322104   9573.935354   8923.116711   5731.551540   6610.616081   5891.565271   6176.754487   6038.198217   4104.760898   4253.281877   5059.289083   4590.194326
164056.086146  123534.055146  106241.145566  73021.267603  61506.225227  51356.665626  42900.105646  41151.468473  131110.375168  31531.683609  19194.888612  15094.922341  13466.770483  14781.071418  10345.148222  10621.767918  10341.234267   9219.692555   7239.691704   5683.723482   6614.252052   4404.025586   4742.509787   4736.588924   4305.721656   3861.309310   2581.080529   3646.851472
85026.061506  96929.501973  78384.600239  58178.788547  49891.295329  36596.614809  33326.512009  23288.366085  31531.683609  89170.348689  23478.942603  13280.007844  10250.929855  10294.213193  10559.997317   7532.118234   5992.180545   7257.127224   6595.526466   5382.564591   4846.723732   4690.043875   4382.616071   4172.743246   3799.520849   3354.698857   3527.934143   2893.324984
185267.500733  80949.022545  91287.269754  55007.729994  56292.445991  34197.396870  26214.535355  23562.499905  19194.888612  23478.942603  69318.663200  18475.913547   8242.443794  10537.045035   8166.321592   8077.349651   6191.292940   5389.349718   6649.812875   5154.302376   4948.339818   3531.353326   3949.704028   3428.095180   3336.488955   2807.288191   3028.468355   2902.719031
124441.082446  91436.850971  59853.557989  42605.898476  40594.607718  31325.647835  24719.385819  17044.982443  15094.922341  13280.007844  18475.913547  54851.711919  12979.332030   8941.402661   8836.182175   6869.182706   5510.520837   6510.767269   6111.430179   4888.844381   4132.400177   3621.910282   3941.357004   3570.086914   3008.384112   2672.360890   2638.070987   2664.034004
116542.593833  57792.821380  52124.113985  43458.358942  31550.811097  24401.759475  24770.955945  17157.692979  13466.770483  10250.929855   8242.443794  12979.332030  38976.718304  10613.684420   5772.025631   6367.690171   5032.613052   5270.511958   4563.062534   4432.660613   4013.672514   3838.970138   3010.759255   3290.052007   2550.109508   1880.587448   2178.763534   2256.207640
129966.536006  66920.887442  52023.430802  38143.530817  31906.362697  29013.995967  21920.148869  16276.003450  14781.071418  10294.213193  10537.045035   8941.402661  10613.684420  30273.427554   7480.566600   5348.713824   3897.335411   4537.586288   4346.787978   3916.314633   4414.902331   3607.546025   2615.619961   2746.807652   2598.052717   2295.469858   2060.124429   1596.674935
91071.793473  67416.203630  45442.850110  23878.291230  28276.309214  16047.738949  19878.898884  15777.930481  10345.148222  10559.997317   8166.321592   8836.182175   5772.025631   7480.566600  21923.783708   6838.997056   4039.089927   3819.952928   3811.837777   3107.651787   3312.764086   2957.763056   2956.703728   2338.718960   2025.489689   1905.795253   1973.221425   1655.862274
55431.543408  28738.157567  37099.114562  33843.555817  17604.982001  16925.721161  12141.649295  13256.758279  10621.767918   7532.118234   8077.349651   6869.182706   6367.690171   5348.713824   6838.997056  18294.368091   4218.250751   2999.704601   3412.782811   2415.032421   2554.416653   2298.720967   1914.529829   2282.055806   1803.881573   1569.787581   1379.982185   1416.369255
72699.580536  32098.059483  20356.141089  24225.309691  17997.888749  16603.312716  13174.541336  11032.322104  10341.234267   5992.180545   6191.292940   5510.520837   5032.613052   3897.335411   4039.089927   4218.250751  13230.212960   4047.093723   2457.025533   2327.604126   2061.011769   2112.962844   1905.312922   1869.081037   1323.910530   1349.124639   1512.662700   1387.922376
57243.267630  39960.704941  31443.670695  28626.582666  22177.119301  13884.354632  12309.273479   9573.935354   9219.692555   7257.127224   5389.349718   6510.767269   5270.511958   4537.586288   3819.952928   2999.704601   4047.093723  11649.492682   3372.469088   2284.073479   2271.806015   2344.690556   2122.855507   1901.136160   1399.146755   1520.483279   1502.995498   1376.249496
20244.202579  38365.071676  30661.584488  18663.704137  19617.801739  14738.453299  10518.461985   8923.116711   7239.691704   6595.526466   6649.812875   6111.430179   4563.062534   4346.787978   3811.837777   3412.782811   2457.025533   3372.469088   8919.433251   2518.828435   2179.289165   2237.800842   1936.470670   1395.283454   1602.331611   1224.924771   1130.088522   1156.123253
49992.092239  31049.473326  21660.312381  19913.671519  18081.124171  10708.994892   9464.926291   5731.551540   5683.723482   5382.564591   5154.302376   4888.844381   4432.660613   3916.314633   3107.651787   2415.032421   2327.604126   2284.073479   2518.828435   7381.874713   2102.202118   1718.645908   1460.287099   1380.339182   1100.386133   1165.573771   1041.680008    963.191731
36351.699332  27109.622197  19504.739302  17212.649182  14443.587593   8427.238265   9211.358745   6610.616081   6614.252052   4846.723732   4948.339818   4132.400177   4013.672514   4414.902331   3312.764086   2554.416653   2061.011769   2271.806015   2179.289165   2102.202118   6663.308346   2292.261047   1315.243221   1226.874636   1416.027725   1133.467195   1181.321201    982.595892
26181.087910  16269.499126  19819.702157  19311.548448  14710.917374   9272.877328   6318.390428   5891.565271   4404.025586   4690.043875   3531.353326   3621.910282   3838.970138   3607.546025   2957.763056   2298.720967   2112.962844   2344.690556   2237.800842   1718.645908   2292.261047   5326.280005   1885.510333   1515.603756   1136.749866    927.117968   1230.676130   1033.160186
27443.092910  14392.507280  16734.283915  16591.409728  12633.360604  10931.790463   7523.086857   6176.754487   4742.509787   4382.616071   3949.704028   3941.357004   3010.759255   2615.619961   2956.703728   1914.529829   1905.312922   2122.855507   1936.470670   1460.287099   1315.243221   1885.510333   4583.222425   1423.036507   1143.416954    876.404281    956.458834    937.353607
25168.309745  17519.991065  17230.818455  17026.376800   9361.192100   8902.373412   6592.626463   6038.198217   4736.588924   4172.743246   3428.095180   3570.086914   3290.052007   2746.807652   2338.718960   2282.055806   1869.081037   1901.136160   1395.283454   1380.339182   1226.874636   1515.603756   1423.036507   4006.248838   1301.892017    899.467970    892.683264    825.828058
 9632.067821  22417.416557  15954.161409  15978.401508   9889.438412   8032.306542   6889.014567   4104.760898   4305.721656   3799.520849   3336.488955   3008.384112   2550.109508   2598.052717   2025.489689   1803.881573   1323.910530   1399.146755   1602.331611   1100.386133   1416.027725   1136.749866   1143.416954   1301.892017   3283.861617    982.978353    703.382900    843.932748
20302.459529  18077.174483  15358.851049   9687.675463   8836.230361   6608.191980   6241.604549   4253.281877   3861.309310   3354.698857   2807.288191   2672.360890   1880.587448   2295.469858   1905.795253   1569.787581   1349.124639   1520.483279   1224.924771   1165.573771   1133.467195    927.117968    876.404281    899.467970    982.978353   2728.024656    887.033763    733.782382
18070.333036  18066.967150  17615.426782  11118.881035   7720.603477   7254.430412   6008.162795   5059.289083   2581.080529   3527.934143   3028.468355   2638.070987   2178.763534   2060.124429   1973.221425   1379.982185   1512.662700   1502.995498   1130.088522   1041.680008   1181.321201   1230.676130    956.458834    892.683264    703.382900    887.033763   2599.674548    854.557462
21247.814053  12601.290173  15609.300217   8701.114345   8167.714599   5396.279115   5462.673477   4590.194326   3646.851472   2893.324984   2902.719031   2664.034004   2256.207640   1596.674935   1655.862274   1416.369255   1387.922376   1376.249496   1156.123253    963.191731    982.595892   1033.160186    937.353607    825.828058    843.932748    733.782382    854.557462   2331.804245
