 1.00524e-05   8.05753e-06   6.75801e-06   5.49442e-06   4.36007e-06   4.01544e-06   3.53471e-06   3.02419e-06   2.63226e-06   2.35817e-06   1.83995e-06   1.60983e-06   1.43572e-06   1.17775e-06   1.09174e-06   8.18107e-07   5.75688e-07   5.62593e-07   5.16888e-07    4.4976e-07   3.95996e-07   2.79315e-07   3.76726e-07   2.52895e-07   2.25374e-07   1.39727e-07   3.04931e-08   1.06726e-07   7.95591e-09  -1.07435e-07  -4.62528e-09  -8.31948e-08   -1.9883e-08   -1.0557e-07  -1.52617e-08   3.35141e-08   5.80693e-08   1.68676e-08  -4.04455e-09  -7.40237e-08   1.43624e-08  -2.33512e-08   -8.5359e-09
 8.05753e-06   8.48946e-06   6.79201e-06   5.47567e-06   4.59831e-06   4.12892e-06    3.4139e-06   3.02425e-06   2.61302e-06   2.34236e-06   1.81627e-06   1.61155e-06    1.4504e-06   1.14649e-06   1.07172e-06     8.321e-07   7.01107e-07   6.34326e-07   5.96656e-07   5.15427e-07   4.22468e-07   3.00169e-07   3.84948e-07   2.21346e-07   2.05704e-07   9.72841e-08   1.19263e-08   3.65116e-08  -2.81394e-08    -1.689e-07  -1.58146e-08  -9.37593e-08  -6.07181e-08  -6.30596e-08   2.79239e-08   4.28426e-08   5.73315e-08   5.10916e-08   3.88315e-08  -8.28587e-08  -1.20617e-08  -8.20176e-08    -5.903e-08
 6.75801e-06   6.79201e-06   7.09896e-06   5.73917e-06   4.81536e-06   4.47092e-06   3.74432e-06   3.31993e-06     2.817e-06   2.50317e-06   1.94656e-06   1.70265e-06   1.54417e-06   1.28354e-06   1.17201e-06   9.07305e-07    8.0473e-07   7.08333e-07   6.31524e-07   5.81921e-07    4.0137e-07    3.1821e-07   3.59799e-07   2.60285e-07   1.73591e-07   5.73681e-08   1.54242e-08   2.84982e-08   -5.2481e-08  -1.53034e-07  -1.71154e-08   -1.2437e-07  -7.67854e-08  -8.21308e-08   1.25916e-08   4.22293e-08   7.69083e-08   6.52162e-08   1.19225e-08  -6.10271e-08  -1.34934e-08  -1.09681e-07  -1.03088e-07
 5.49442e-06   5.47567e-06   5.73917e-06   6.16892e-06   4.81218e-06   4.47813e-06   3.73632e-06   3.34874e-06   2.83619e-06   2.55925e-06   2.07545e-06   1.90198e-06   1.75281e-06   1.41931e-06   1.30332e-06   1.08736e-06   9.32922e-07   7.76325e-07   7.03798e-07   5.91069e-07   4.71655e-07   4.34806e-07   4.63933e-07   3.64602e-07   3.05205e-07   1.94173e-07   7.50536e-08   8.48724e-08   1.37266e-08  -7.77993e-08  -5.21039e-09   -9.9297e-08  -8.05378e-08  -1.06234e-07  -2.68429e-08  -2.62073e-08   8.77155e-09  -6.75424e-08  -8.37677e-08   -1.4595e-07  -8.28614e-08   -1.7716e-07  -1.41876e-07
 4.36007e-06   4.59831e-06   4.81536e-06   4.81218e-06   4.97127e-06   4.34823e-06   3.67539e-06   3.23405e-06   2.75955e-06   2.42572e-06   1.91673e-06   1.71695e-06   1.62463e-06   1.30944e-06   1.19362e-06   9.67807e-07   8.48674e-07   6.31397e-07   6.02449e-07   5.01353e-07   3.72496e-07   3.93271e-07   4.30137e-07    3.4286e-07    3.0227e-07   2.06606e-07   8.98282e-08   8.61506e-08   5.01369e-08  -5.37043e-08    2.8302e-08  -1.38155e-08   7.72094e-11   -2.8073e-08   5.24018e-08   4.12255e-08   7.89147e-08   1.65663e-08  -2.78257e-08  -8.41807e-08  -4.42884e-08  -1.32334e-07   -1.3687e-07
 4.01544e-06   4.12892e-06   4.47092e-06   4.47813e-06   4.34823e-06   4.91289e-06   4.11123e-06   3.61682e-06   3.12292e-06   2.80291e-06   2.34027e-06   2.03474e-06   1.86924e-06   1.50243e-06   1.31728e-06   1.11627e-06   8.79636e-07   6.95393e-07   6.30809e-07   5.12887e-07   3.61904e-07   3.41194e-07   4.01385e-07   3.10105e-07    2.4816e-07   1.63484e-07   7.74363e-08   4.51081e-08   1.96342e-08  -2.80013e-08    2.1281e-08  -2.22109e-08  -1.84463e-08  -3.23805e-08   3.45829e-08   3.81867e-08   8.80394e-08   1.83022e-08   -3.2925e-08  -8.09633e-08  -1.81168e-08  -1.08672e-07   -1.0038e-07
 3.53471e-06    3.4139e-06   3.74432e-06   3.73632e-06   3.67539e-06   4.11123e-06   4.24145e-06   3.58844e-06   3.14066e-06   2.79143e-06   2.30691e-06   2.03217e-06   1.87047e-06   1.49619e-06   1.28958e-06   1.08847e-06   8.42802e-07   7.05494e-07   6.77972e-07   6.09088e-07   5.13454e-07   4.47915e-07   4.76552e-07   3.77155e-07    3.0598e-07   1.90961e-07   1.46507e-07   1.17432e-07    1.1116e-07   4.42934e-08   8.29259e-08   2.92613e-08   2.31226e-08  -1.63954e-08   3.80228e-08   2.13454e-08   6.53988e-08  -5.70788e-09  -6.53135e-08   -8.9797e-08  -1.69535e-08  -5.93494e-08  -4.55445e-08
 3.02419e-06   3.02425e-06   3.31993e-06   3.34874e-06   3.23405e-06   3.61682e-06   3.58844e-06   3.96233e-06   3.36212e-06   3.05615e-06   2.48358e-06   2.15006e-06   1.95043e-06   1.58251e-06   1.32771e-06   1.17807e-06   9.43689e-07    8.2098e-07   7.70762e-07   6.53502e-07   5.29371e-07   4.66795e-07   4.69215e-07   3.61902e-07    2.3988e-07   1.29752e-07    4.4408e-08   1.88259e-08   2.70938e-08  -2.54376e-08  -3.92102e-09   -1.6137e-08  -2.24041e-08  -8.42156e-08  -1.08421e-08  -3.86611e-09   4.24785e-08   1.51388e-08   -2.2736e-08  -5.40833e-08  -1.02525e-08  -4.72935e-08  -5.16378e-09
 2.63226e-06   2.61302e-06     2.817e-06   2.83619e-06   2.75955e-06   3.12292e-06   3.14066e-06   3.36212e-06   3.48767e-06   3.03704e-06    2.5462e-06   2.29148e-06   2.02899e-06   1.65444e-06   1.36262e-06   1.16156e-06   9.76362e-07   8.71782e-07   8.22668e-07   6.97308e-07    5.7499e-07   4.73902e-07   4.52997e-07   3.41544e-07   2.40312e-07   1.39209e-07   6.17721e-08   1.70291e-08   3.88058e-08   8.49663e-09  -3.57191e-09  -5.15293e-09    -2.613e-08  -9.61556e-08  -2.19293e-08  -4.42245e-08   6.92983e-09  -3.55813e-08  -8.36806e-08  -9.64843e-08   -3.2263e-08  -6.50445e-08   -2.8157e-08
 2.35817e-06   2.34236e-06   2.50317e-06   2.55925e-06   2.42572e-06   2.80291e-06   2.79143e-06   3.05615e-06   3.03704e-06   3.13783e-06   2.62271e-06   2.32773e-06   2.08416e-06   1.72308e-06   1.42373e-06   1.22694e-06   1.03528e-06   9.66572e-07   8.89322e-07   7.50727e-07   6.19097e-07    5.0469e-07   5.09061e-07   3.90875e-07   2.98512e-07   1.65766e-07   8.15847e-08   5.70405e-08   7.83006e-08   5.96665e-08   2.32081e-08   3.85619e-08   1.46885e-08  -5.56977e-08    8.7074e-09   -1.6025e-08   2.37275e-08   -3.0476e-08  -6.35328e-08  -9.15419e-08  -3.91132e-08  -7.10445e-08  -1.97216e-08
 1.83995e-06   1.81627e-06   1.94656e-06   2.07545e-06   1.91673e-06   2.34027e-06   2.30691e-06   2.48358e-06    2.5462e-06   2.62271e-06   2.69912e-06   2.35878e-06   2.16211e-06   1.80663e-06   1.53186e-06   1.32283e-06   1.12438e-06   1.03595e-06   9.54381e-07    7.7713e-07   6.59527e-07   4.97101e-07   4.80692e-07   3.63757e-07   2.73581e-07    1.5468e-07   8.55064e-08   3.96745e-08   3.25778e-08   7.79725e-09   -1.1917e-08  -1.44404e-09  -1.00603e-08  -6.83394e-08   1.02095e-08   6.11225e-09   2.95781e-08  -2.35036e-08  -5.42511e-08  -1.00208e-07  -4.36659e-08  -7.47527e-08   -3.4127e-08
 1.60983e-06   1.61155e-06   1.70265e-06   1.90198e-06   1.71695e-06   2.03474e-06   2.03217e-06   2.15006e-06   2.29148e-06   2.32773e-06   2.35878e-06   2.52591e-06   2.24803e-06   1.88559e-06   1.65644e-06   1.42547e-06   1.24866e-06   1.11955e-06   1.02957e-06   8.56245e-07   7.21274e-07   5.61965e-07   5.11633e-07    3.8595e-07   2.93722e-07   1.90253e-07   1.34781e-07    8.9522e-08   9.55778e-08   5.96502e-08   3.39833e-08   4.66932e-08   3.03655e-08  -4.26221e-08   1.80824e-08   5.92188e-09   9.05309e-09  -5.43458e-10   -6.1825e-08  -1.14785e-07   -5.9615e-08  -8.48459e-08  -4.27501e-08
 1.43572e-06    1.4504e-06   1.54417e-06   1.75281e-06   1.62463e-06   1.86924e-06   1.87047e-06   1.95043e-06   2.02899e-06   2.08416e-06   2.16211e-06   2.24803e-06   2.44812e-06   2.02472e-06   1.78836e-06   1.55005e-06   1.34982e-06   1.20571e-06   1.06188e-06   9.01908e-07   7.55276e-07   5.98063e-07   5.61557e-07   4.40528e-07    3.7111e-07   2.60536e-07   2.10003e-07   1.52062e-07   1.52141e-07   1.07763e-07   7.29117e-08   9.17424e-08   7.42592e-08   6.77233e-09   6.60374e-08   4.40228e-08   5.06274e-08   4.59509e-08  -1.11506e-08   -7.6007e-08  -2.20027e-08  -4.15548e-08  -3.01211e-08
 1.17775e-06   1.14649e-06   1.28354e-06   1.41931e-06   1.30944e-06   1.50243e-06   1.49619e-06   1.58251e-06   1.65444e-06   1.72308e-06   1.80663e-06   1.88559e-06   2.02472e-06     1.939e-06   1.67429e-06   1.46299e-06   1.26681e-06   1.15298e-06   1.01722e-06   8.74766e-07   7.17664e-07   5.60461e-07   5.27855e-07   4.25679e-07   3.56813e-07    2.5643e-07   2.09471e-07   1.65621e-07   1.56102e-07   1.27013e-07   8.78213e-08   8.10914e-08   7.50984e-08  -1.19473e-08   3.39855e-08   7.55296e-09     1.514e-08   1.37664e-08  -4.11701e-08  -8.44437e-08  -4.31315e-08  -4.79324e-08  -3.98203e-08
 1.09174e-06   1.07172e-06   1.17201e-06   1.30332e-06   1.19362e-06   1.31728e-06   1.28958e-06   1.32771e-06   1.36262e-06   1.42373e-06   1.53186e-06   1.65644e-06   1.78836e-06   1.67429e-06   1.79872e-06   1.55608e-06   1.36967e-06   1.23243e-06   1.09404e-06   9.19684e-07   7.41468e-07   5.97599e-07   5.39284e-07   4.45667e-07   3.63211e-07   2.76772e-07   2.18452e-07   1.74197e-07   1.62948e-07   1.12398e-07   7.56171e-08   6.50136e-08   5.17269e-08  -2.22754e-08   2.52658e-08   8.99485e-09   9.36937e-09   8.20097e-09  -4.77964e-08  -1.04708e-07  -7.44683e-08   -7.5074e-08  -6.44419e-08
 8.18107e-07     8.321e-07   9.07305e-07   1.08736e-06   9.67807e-07   1.11627e-06   1.08847e-06   1.17807e-06   1.16156e-06   1.22694e-06   1.32283e-06   1.42547e-06   1.55005e-06   1.46299e-06   1.55608e-06    1.6723e-06   1.41211e-06    1.2676e-06   1.15465e-06   9.69811e-07   7.90741e-07   6.76142e-07   5.95868e-07   4.87466e-07   3.83292e-07     3.003e-07   2.36778e-07   2.05937e-07   1.92421e-07   1.51091e-07   1.00126e-07   9.06017e-08   8.08241e-08   1.98681e-08   4.07904e-08   8.74026e-09  -1.77414e-08  -3.72614e-10  -2.08233e-08   -7.8795e-08  -5.53073e-08  -4.85502e-08  -4.46935e-08
 5.75688e-07   7.01107e-07    8.0473e-07   9.32922e-07   8.48674e-07   8.79636e-07   8.42802e-07   9.43689e-07   9.76362e-07   1.03528e-06   1.12438e-06   1.24866e-06   1.34982e-06   1.26681e-06   1.36967e-06   1.41211e-06   1.46422e-06   1.26807e-06   1.15652e-06   9.78491e-07   7.81366e-07   6.41512e-07    5.6128e-07    4.6057e-07   3.42977e-07    2.7208e-07   2.08524e-07   1.91222e-07   1.73784e-07   1.29191e-07   9.00398e-08   9.96231e-08    7.6167e-08   2.58412e-08   6.00734e-08    2.6565e-08  -3.42984e-09  -6.36789e-09    -1.763e-08  -7.97877e-08   -6.1972e-08   -6.0863e-08  -6.58088e-08
 5.62593e-07   6.34326e-07   7.08333e-07   7.76325e-07   6.31397e-07   6.95393e-07   7.05494e-07    8.2098e-07   8.71782e-07   9.66572e-07   1.03595e-06   1.11955e-06   1.20571e-06   1.15298e-06   1.23243e-06    1.2676e-06   1.26807e-06   1.40586e-06   1.20045e-06   1.05562e-06   8.44795e-07   7.04672e-07    6.2402e-07   5.17601e-07   4.23081e-07   3.33511e-07   2.54749e-07   2.37056e-07   2.23688e-07   1.64176e-07   1.32387e-07   1.22554e-07   8.81268e-08   4.28528e-08   5.63818e-08   2.16097e-08  -2.71456e-08  -2.26044e-08  -2.69884e-08  -7.69243e-08  -6.69714e-08  -6.43984e-08  -6.09768e-08
 5.16888e-07   5.96656e-07   6.31524e-07   7.03798e-07   6.02449e-07   6.30809e-07   6.77972e-07   7.70762e-07   8.22668e-07   8.89322e-07   9.54381e-07   1.02957e-06   1.06188e-06   1.01722e-06   1.09404e-06   1.15465e-06   1.15652e-06   1.20045e-06   1.27193e-06   1.06532e-06   9.08492e-07   7.71074e-07   6.67127e-07   5.40314e-07   4.40929e-07   3.59887e-07   2.73102e-07    2.4346e-07   2.18827e-07   1.50325e-07   1.19363e-07   1.07108e-07   7.13719e-08   1.98851e-08   4.36845e-08   2.96465e-08  -1.20878e-08  -2.68957e-08    -1.623e-08  -6.62055e-08  -3.24515e-08  -2.11889e-08  -3.67198e-08
  4.4976e-07   5.15427e-07   5.81921e-07   5.91069e-07   5.01353e-07   5.12887e-07   6.09088e-07   6.53502e-07   6.97308e-07   7.50727e-07    7.7713e-07   8.56245e-07   9.01908e-07   8.74766e-07   9.19684e-07   9.69811e-07   9.78491e-07   1.05562e-06   1.06532e-06   1.10405e-06    9.0374e-07   7.74631e-07   6.57169e-07   5.31733e-07   4.52009e-07   3.76545e-07   3.01911e-07   2.68324e-07   2.34853e-07   1.67335e-07   1.48032e-07   1.36467e-07   1.06262e-07   4.30133e-08   5.97681e-08   4.69632e-08  -1.04827e-08  -2.37263e-08  -2.14028e-08  -5.26007e-08  -3.18036e-08  -3.12577e-08  -2.68096e-08
 3.95996e-07   4.22468e-07    4.0137e-07   4.71655e-07   3.72496e-07   3.61904e-07   5.13454e-07   5.29371e-07    5.7499e-07   6.19097e-07   6.59527e-07   7.21274e-07   7.55276e-07   7.17664e-07   7.41468e-07   7.90741e-07   7.81366e-07   8.44795e-07   9.08492e-07    9.0374e-07   9.94669e-07   8.08642e-07    6.9653e-07   5.73757e-07   5.01188e-07   4.38289e-07   3.57853e-07   3.24484e-07   2.76504e-07   2.14978e-07   1.66986e-07   1.29569e-07   1.03948e-07   6.17566e-08   5.89383e-08   3.51327e-08  -5.71271e-09  -3.36131e-08  -2.77543e-08  -6.35108e-08  -3.32776e-08  -3.91453e-08  -3.19978e-08
 2.79315e-07   3.00169e-07    3.1821e-07   4.34806e-07   3.93271e-07   3.41194e-07   4.47915e-07   4.66795e-07   4.73902e-07    5.0469e-07   4.97101e-07   5.61965e-07   5.98063e-07   5.60461e-07   5.97599e-07   6.76142e-07   6.41512e-07   7.04672e-07   7.71074e-07   7.74631e-07   8.08642e-07   9.03682e-07     7.255e-07   6.18016e-07   5.30336e-07   4.35612e-07   3.45922e-07   3.26503e-07   2.88785e-07   2.22375e-07   1.70107e-07   1.42084e-07   1.13948e-07   8.90864e-08    8.3787e-08   5.91135e-08   1.60469e-08  -3.42807e-08  -1.66118e-08  -5.91203e-08  -3.56505e-08  -3.61633e-08  -3.33357e-08
 3.76726e-07   3.84948e-07   3.59799e-07   4.63933e-07   4.30137e-07   4.01385e-07   4.76552e-07   4.69215e-07   4.52997e-07   5.09061e-07   4.80692e-07   5.11633e-07   5.61557e-07   5.27855e-07   5.39284e-07   5.95868e-07    5.6128e-07    6.2402e-07   6.67127e-07   6.57169e-07    6.9653e-07     7.255e-07   7.74425e-07   6.69823e-07   5.90652e-07   4.90453e-07   3.87669e-07   3.68701e-07   3.21777e-07   2.69056e-07   2.15956e-07   1.93007e-07   1.61548e-07    1.3301e-07   1.39605e-07   8.74568e-08   4.87478e-08   8.54255e-09   1.91599e-08  -1.84098e-08  -2.61121e-09  -1.62453e-08   -3.0712e-08
 2.52895e-07   2.21346e-07   2.60285e-07   3.64602e-07    3.4286e-07   3.10105e-07   3.77155e-07   3.61902e-07   3.41544e-07   3.90875e-07   3.63757e-07    3.8595e-07   4.40528e-07   4.25679e-07   4.45667e-07   4.87466e-07    4.6057e-07   5.17601e-07   5.40314e-07   5.31733e-07   5.73757e-07   6.18016e-07   6.69823e-07   7.31204e-07   6.30753e-07   5.48802e-07    4.2569e-07   3.86006e-07   3.36088e-07   2.81635e-07   2.34135e-07   1.91117e-07   1.72583e-07   1.56256e-07   1.53192e-07   9.55094e-08     5.911e-08   1.97225e-08   2.31585e-08  -5.88093e-09  -3.40593e-09  -1.94244e-08  -3.09663e-08
 2.25374e-07   2.05704e-07   1.73591e-07   3.05205e-07    3.0227e-07    2.4816e-07    3.0598e-07    2.3988e-07   2.40312e-07   2.98512e-07   2.73581e-07   2.93722e-07    3.7111e-07   3.56813e-07   3.63211e-07   3.83292e-07   3.42977e-07   4.23081e-07   4.40929e-07   4.52009e-07   5.01188e-07   5.30336e-07   5.90652e-07   6.30753e-07    6.9949e-07   5.94454e-07   4.77701e-07   4.39367e-07   3.90173e-07   3.26963e-07   2.73294e-07   2.28693e-07   2.01383e-07   1.84086e-07   1.78098e-07   1.24708e-07   9.15597e-08   5.45919e-08   5.96528e-08   2.42267e-08   2.99877e-08   6.81292e-09   -3.3279e-09
 1.39727e-07   9.72841e-08   5.73681e-08   1.94173e-07   2.06606e-07   1.63484e-07   1.90961e-07   1.29752e-07   1.39209e-07   1.65766e-07    1.5468e-07   1.90253e-07   2.60536e-07    2.5643e-07   2.76772e-07     3.003e-07    2.7208e-07   3.33511e-07   3.59887e-07   3.76545e-07   4.38289e-07   4.35612e-07   4.90453e-07   5.48802e-07   5.94454e-07   6.63946e-07   5.32186e-07   4.90599e-07    4.3459e-07   3.60106e-07   3.07359e-07   2.60495e-07   2.33763e-07   2.17391e-07   1.98629e-07   1.49395e-07   1.09798e-07    8.8465e-08   8.46364e-08   4.84415e-08    4.8649e-08   2.11359e-08   7.07068e-09
 3.04931e-08   1.19263e-08   1.54242e-08   7.50536e-08   8.98282e-08   7.74363e-08   1.46507e-07    4.4408e-08   6.17721e-08   8.15847e-08   8.55064e-08   1.34781e-07   2.10003e-07   2.09471e-07   2.18452e-07   2.36778e-07   2.08524e-07   2.54749e-07   2.73102e-07   3.01911e-07   3.57853e-07   3.45922e-07   3.87669e-07    4.2569e-07   4.77701e-07   5.32186e-07   5.82268e-07   5.19507e-07   4.60452e-07   3.89318e-07   3.42014e-07   2.84225e-07   2.52719e-07   2.40849e-07   2.02977e-07   1.55015e-07    1.1481e-07   9.46575e-08   7.96942e-08   5.05153e-08   4.65228e-08   1.83366e-08    1.6412e-09
 1.06726e-07   3.65116e-08   2.84982e-08   8.48724e-08   8.61506e-08   4.51081e-08   1.17432e-07   1.88259e-08   1.70291e-08   5.70405e-08   3.96745e-08    8.9522e-08   1.52062e-07   1.65621e-07   1.74197e-07   2.05937e-07   1.91222e-07   2.37056e-07    2.4346e-07   2.68324e-07   3.24484e-07   3.26503e-07   3.68701e-07   3.86006e-07   4.39367e-07   4.90599e-07   5.19507e-07   5.99221e-07   5.05779e-07    4.3685e-07   3.84773e-07    3.2551e-07    2.9331e-07   2.78962e-07   2.37694e-07   1.74871e-07   1.45993e-07   1.17501e-07   1.10605e-07   7.79013e-08   7.34807e-08   4.45287e-08   2.32919e-08
 7.95591e-09  -2.81394e-08   -5.2481e-08   1.37266e-08   5.01369e-08   1.96342e-08    1.1116e-07   2.70938e-08   3.88058e-08   7.83006e-08   3.25778e-08   9.55778e-08   1.52141e-07   1.56102e-07   1.62948e-07   1.92421e-07   1.73784e-07   2.23688e-07   2.18827e-07   2.34853e-07   2.76504e-07   2.88785e-07   3.21777e-07   3.36088e-07   3.90173e-07    4.3459e-07   4.60452e-07   5.05779e-07   5.57738e-07   4.84491e-07   4.23843e-07   3.64092e-07    3.2146e-07   2.98666e-07   2.45363e-07   1.77996e-07   1.49389e-07   1.34225e-07   1.24955e-07   9.66257e-08   7.91947e-08   4.96893e-08   3.99117e-08
-1.07435e-07    -1.689e-07  -1.53034e-07  -7.77993e-08  -5.37043e-08  -2.80013e-08   4.42934e-08  -2.54376e-08   8.49663e-09   5.96665e-08   7.79725e-09   5.96502e-08   1.07763e-07   1.27013e-07   1.12398e-07   1.51091e-07   1.29191e-07   1.64176e-07   1.50325e-07   1.67335e-07   2.14978e-07   2.22375e-07   2.69056e-07   2.81635e-07   3.26963e-07   3.60106e-07   3.89318e-07    4.3685e-07   4.84491e-07   5.44983e-07   4.57327e-07    4.0643e-07   3.60214e-07   3.22862e-07   2.69389e-07   1.97127e-07   1.72717e-07   1.52592e-07   1.37638e-07   1.20583e-07   9.14118e-08   6.29395e-08   3.81052e-08
-4.62528e-09  -1.58146e-08  -1.71154e-08  -5.21039e-09    2.8302e-08    2.1281e-08   8.29259e-08  -3.92102e-09  -3.57191e-09   2.32081e-08   -1.1917e-08   3.39833e-08   7.29117e-08   8.78213e-08   7.56171e-08   1.00126e-07   9.00398e-08   1.32387e-07   1.19363e-07   1.48032e-07   1.66986e-07   1.70107e-07   2.15956e-07   2.34135e-07   2.73294e-07   3.07359e-07   3.42014e-07   3.84773e-07   4.23843e-07   4.57327e-07   4.97016e-07   4.31135e-07   3.99917e-07   3.66634e-07   3.19023e-07   2.40723e-07   2.13669e-07   1.89667e-07   1.67306e-07   1.41143e-07   1.08943e-07    7.7297e-08    5.3449e-08
-8.31948e-08  -9.37593e-08   -1.2437e-07   -9.9297e-08  -1.38155e-08  -2.22109e-08   2.92613e-08   -1.6137e-08  -5.15293e-09   3.85619e-08  -1.44404e-09   4.66932e-08   9.17424e-08   8.10914e-08   6.50136e-08   9.06017e-08   9.96231e-08   1.22554e-07   1.07108e-07   1.36467e-07   1.29569e-07   1.42084e-07   1.93007e-07   1.91117e-07   2.28693e-07   2.60495e-07   2.84225e-07    3.2551e-07   3.64092e-07    4.0643e-07   4.31135e-07   4.87392e-07   4.34446e-07   3.94568e-07   3.50157e-07   2.72132e-07   2.29556e-07   1.94696e-07   1.76467e-07   1.63188e-07   1.25518e-07   1.01027e-07   7.00661e-08
 -1.9883e-08  -6.07181e-08  -7.67854e-08  -8.05378e-08   7.72094e-11  -1.84463e-08   2.31226e-08  -2.24041e-08    -2.613e-08   1.46885e-08  -1.00603e-08   3.03655e-08   7.42592e-08   7.50984e-08   5.17269e-08   8.08241e-08    7.6167e-08   8.81268e-08   7.13719e-08   1.06262e-07   1.03948e-07   1.13948e-07   1.61548e-07   1.72583e-07   2.01383e-07   2.33763e-07   2.52719e-07    2.9331e-07    3.2146e-07   3.60214e-07   3.99917e-07   4.34446e-07     4.838e-07   4.28566e-07   3.77011e-07   2.95947e-07   2.55609e-07   2.26739e-07   2.04469e-07   1.84949e-07   1.33881e-07   1.10467e-07   7.70196e-08
 -1.0557e-07  -6.30596e-08  -8.21308e-08  -1.06234e-07   -2.8073e-08  -3.23805e-08  -1.63954e-08  -8.42156e-08  -9.61556e-08  -5.56977e-08  -6.83394e-08  -4.26221e-08   6.77233e-09  -1.19473e-08  -2.22754e-08   1.98681e-08   2.58412e-08   4.28528e-08   1.98851e-08   4.30133e-08   6.17566e-08   8.90864e-08    1.3301e-07   1.56256e-07   1.84086e-07   2.17391e-07   2.40849e-07   2.78962e-07   2.98666e-07   3.22862e-07   3.66634e-07   3.94568e-07   4.28566e-07   4.90113e-07   4.20463e-07   3.42917e-07    2.9532e-07   2.51884e-07   2.22378e-07   1.96491e-07   1.42223e-07   1.18982e-07    7.7632e-08
-1.52617e-08   2.79239e-08   1.25916e-08  -2.68429e-08   5.24018e-08   3.45829e-08   3.80228e-08  -1.08421e-08  -2.19293e-08    8.7074e-09   1.02095e-08   1.80824e-08   6.60374e-08   3.39855e-08   2.52658e-08   4.07904e-08   6.00734e-08   5.63818e-08   4.36845e-08   5.97681e-08   5.89383e-08    8.3787e-08   1.39605e-07   1.53192e-07   1.78098e-07   1.98629e-07   2.02977e-07   2.37694e-07   2.45363e-07   2.69389e-07   3.19023e-07   3.50157e-07   3.77011e-07   4.20463e-07   4.59504e-07   3.74434e-07   3.33959e-07   2.86551e-07    2.6034e-07   2.19372e-07   1.76016e-07   1.44394e-07    1.0445e-07
 3.35141e-08   4.28426e-08   4.22293e-08  -2.62073e-08   4.12255e-08   3.81867e-08   2.13454e-08  -3.86611e-09  -4.42245e-08   -1.6025e-08   6.11225e-09   5.92188e-09   4.40228e-08   7.55296e-09   8.99485e-09   8.74026e-09    2.6565e-08   2.16097e-08   2.96465e-08   4.69632e-08   3.51327e-08   5.91135e-08   8.74568e-08   9.55094e-08   1.24708e-07   1.49395e-07   1.55015e-07   1.74871e-07   1.77996e-07   1.97127e-07   2.40723e-07   2.72132e-07   2.95947e-07   3.42917e-07   3.74434e-07   3.98602e-07   3.51141e-07   3.11935e-07   2.84985e-07   2.46116e-07    2.0391e-07   1.70628e-07   1.26708e-07
 5.80693e-08   5.73315e-08   7.69083e-08   8.77155e-09   7.89147e-08   8.80394e-08   6.53988e-08   4.24785e-08   6.92983e-09   2.37275e-08   2.95781e-08   9.05309e-09   5.06274e-08     1.514e-08   9.36937e-09  -1.77414e-08  -3.42984e-09  -2.71456e-08  -1.20878e-08  -1.04827e-08  -5.71271e-09   1.60469e-08   4.87478e-08     5.911e-08   9.15597e-08   1.09798e-07    1.1481e-07   1.45993e-07   1.49389e-07   1.72717e-07   2.13669e-07   2.29556e-07   2.55609e-07    2.9532e-07   3.33959e-07   3.51141e-07   4.07367e-07   3.54484e-07   3.25282e-07   2.82869e-07   2.51728e-07   2.07646e-07   1.51653e-07
 1.68676e-08   5.10916e-08   6.52162e-08  -6.75424e-08   1.65663e-08   1.83022e-08  -5.70788e-09   1.51388e-08  -3.55813e-08   -3.0476e-08  -2.35036e-08  -5.43458e-10   4.59509e-08   1.37664e-08   8.20097e-09  -3.72614e-10  -6.36789e-09  -2.26044e-08  -2.68957e-08  -2.37263e-08  -3.36131e-08  -3.42807e-08   8.54255e-09   1.97225e-08   5.45919e-08    8.8465e-08   9.46575e-08   1.17501e-07   1.34225e-07   1.52592e-07   1.89667e-07   1.94696e-07   2.26739e-07   2.51884e-07   2.86551e-07   3.11935e-07   3.54484e-07   4.05473e-07   3.60914e-07   3.14759e-07   2.79167e-07   2.27451e-07   1.79449e-07
-4.04455e-09   3.88315e-08   1.19225e-08  -8.37677e-08  -2.78257e-08   -3.2925e-08  -6.53135e-08   -2.2736e-08  -8.36806e-08  -6.35328e-08  -5.42511e-08   -6.1825e-08  -1.11506e-08  -4.11701e-08  -4.77964e-08  -2.08233e-08    -1.763e-08  -2.69884e-08    -1.623e-08  -2.14028e-08  -2.77543e-08  -1.66118e-08   1.91599e-08   2.31585e-08   5.96528e-08   8.46364e-08   7.96942e-08   1.10605e-07   1.24955e-07   1.37638e-07   1.67306e-07   1.76467e-07   2.04469e-07   2.22378e-07    2.6034e-07   2.84985e-07   3.25282e-07   3.60914e-07   3.99355e-07   3.37854e-07   3.00238e-07   2.50807e-07   2.02671e-07
-7.40237e-08  -8.28587e-08  -6.10271e-08   -1.4595e-07  -8.41807e-08  -8.09633e-08   -8.9797e-08  -5.40833e-08  -9.64843e-08  -9.15419e-08  -1.00208e-07  -1.14785e-07   -7.6007e-08  -8.44437e-08  -1.04708e-07   -7.8795e-08  -7.97877e-08  -7.69243e-08  -6.62055e-08  -5.26007e-08  -6.35108e-08  -5.91203e-08  -1.84098e-08  -5.88093e-09   2.42267e-08   4.84415e-08   5.05153e-08   7.79013e-08   9.66257e-08   1.20583e-07   1.41143e-07   1.63188e-07   1.84949e-07   1.96491e-07   2.19372e-07   2.46116e-07   2.82869e-07   3.14759e-07   3.37854e-07   3.68381e-07   3.17998e-07   2.74363e-07   2.23601e-07
 1.43624e-08  -1.20617e-08  -1.34934e-08  -8.28614e-08  -4.42884e-08  -1.81168e-08  -1.69535e-08  -1.02525e-08   -3.2263e-08  -3.91132e-08  -4.36659e-08   -5.9615e-08  -2.20027e-08  -4.31315e-08  -7.44683e-08  -5.53073e-08   -6.1972e-08  -6.69714e-08  -3.24515e-08  -3.18036e-08  -3.32776e-08  -3.56505e-08  -2.61121e-09  -3.40593e-09   2.99877e-08    4.8649e-08   4.65228e-08   7.34807e-08   7.91947e-08   9.14118e-08   1.08943e-07   1.25518e-07   1.33881e-07   1.42223e-07   1.76016e-07    2.0391e-07   2.51728e-07   2.79167e-07   3.00238e-07   3.17998e-07   3.46339e-07   2.91984e-07   2.31316e-07
-2.33512e-08  -8.20176e-08  -1.09681e-07   -1.7716e-07  -1.32334e-07  -1.08672e-07  -5.93494e-08  -4.72935e-08  -6.50445e-08  -7.10445e-08  -7.47527e-08  -8.48459e-08  -4.15548e-08  -4.79324e-08   -7.5074e-08  -4.85502e-08   -6.0863e-08  -6.43984e-08  -2.11889e-08  -3.12577e-08  -3.91453e-08  -3.61633e-08  -1.62453e-08  -1.94244e-08   6.81292e-09   2.11359e-08   1.83366e-08   4.45287e-08   4.96893e-08   6.29395e-08    7.7297e-08   1.01027e-07   1.10467e-07   1.18982e-07   1.44394e-07   1.70628e-07   2.07646e-07   2.27451e-07   2.50807e-07   2.74363e-07   2.91984e-07   3.20238e-07   2.53612e-07
 -8.5359e-09    -5.903e-08  -1.03088e-07  -1.41876e-07   -1.3687e-07   -1.0038e-07  -4.55445e-08  -5.16378e-09   -2.8157e-08  -1.97216e-08   -3.4127e-08  -4.27501e-08  -3.01211e-08  -3.98203e-08  -6.44419e-08  -4.46935e-08  -6.58088e-08  -6.09768e-08  -3.67198e-08  -2.68096e-08  -3.19978e-08  -3.33357e-08   -3.0712e-08  -3.09663e-08   -3.3279e-09   7.07068e-09    1.6412e-09   2.32919e-08   3.99117e-08   3.81052e-08    5.3449e-08   7.00661e-08   7.70196e-08    7.7632e-08    1.0445e-07   1.26708e-07   1.51653e-07   1.79449e-07   2.02671e-07   2.23601e-07   2.31316e-07   2.53612e-07   2.79089e-07
