 6.35264e-06   5.54228e-06   4.25137e-06   3.16684e-06   2.55137e-06   2.13292e-06   1.67423e-06   1.22911e-06   8.89356e-07    6.1463e-07   4.53211e-07   3.16914e-07   1.52378e-07    9.0971e-08   3.51001e-08  -2.03221e-08   3.96544e-08
 5.54228e-06   5.71782e-06   4.58938e-06   3.49126e-06   2.78208e-06    2.2735e-06   1.80302e-06   1.37628e-06   9.70659e-07   6.98888e-07   5.16463e-07   3.35427e-07    1.2569e-07    7.3618e-08   2.36205e-08  -2.34274e-08  -5.06214e-09
 4.25137e-06   4.58938e-06   4.43426e-06   3.54178e-06   2.85294e-06   2.29778e-06   1.84636e-06   1.50297e-06    1.1498e-06   8.25178e-07   6.10329e-07   3.89772e-07   2.25793e-07   1.72086e-07   7.37782e-08   4.08176e-08   3.17755e-08
 3.16684e-06   3.49126e-06   3.54178e-06   3.53269e-06   2.95388e-06   2.38318e-06   1.93245e-06   1.47358e-06   1.10663e-06   8.02905e-07   5.56027e-07   3.28242e-07   1.81312e-07   1.04637e-07   4.78019e-08   1.59388e-08   3.82254e-08
 2.55137e-06   2.78208e-06   2.85294e-06   2.95388e-06    3.0521e-06   2.57319e-06   2.15107e-06   1.63531e-06   1.22572e-06   8.65956e-07   6.46238e-07   4.04885e-07   2.91499e-07   2.07775e-07   1.12787e-07   3.69945e-08   5.48982e-08
 2.13292e-06    2.2735e-06   2.29778e-06   2.38318e-06   2.57319e-06   2.60087e-06   2.23478e-06   1.70029e-06   1.29496e-06   9.38201e-07   6.86827e-07   4.65841e-07   3.52045e-07   2.52792e-07   1.28583e-07   4.67051e-08   4.59749e-08
 1.67423e-06   1.80302e-06   1.84636e-06   1.93245e-06   2.15107e-06   2.23478e-06   2.33215e-06   1.84961e-06   1.38039e-06   1.05058e-06   7.65908e-07   5.11907e-07   3.80664e-07   2.63053e-07   1.53294e-07   6.82092e-08    6.0035e-08
 1.22911e-06   1.37628e-06   1.50297e-06   1.47358e-06   1.63531e-06   1.70029e-06   1.84961e-06   1.81148e-06   1.41491e-06    1.0833e-06   7.97867e-07   5.55323e-07   4.12388e-07    3.0354e-07   1.91681e-07   1.16502e-07   9.96216e-08
 8.89356e-07   9.70659e-07    1.1498e-06   1.10663e-06   1.22572e-06   1.29496e-06   1.38039e-06   1.41491e-06   1.47026e-06   1.18536e-06   9.08789e-07   6.68165e-07   4.92206e-07   3.74819e-07   2.28993e-07   1.32014e-07   1.09034e-07
  6.1463e-07   6.98888e-07   8.25178e-07   8.02905e-07   8.65956e-07   9.38201e-07   1.05058e-06    1.0833e-06   1.18536e-06   1.21445e-06   9.59476e-07   7.37376e-07   5.45691e-07   4.10392e-07   2.90285e-07   1.96945e-07   1.48781e-07
 4.53211e-07   5.16463e-07   6.10329e-07   5.56027e-07   6.46238e-07   6.86827e-07   7.65908e-07   7.97867e-07   9.08789e-07   9.59476e-07   1.01479e-06   8.19272e-07   6.33807e-07   5.07403e-07   3.72105e-07   2.74371e-07   2.22021e-07
 3.16914e-07   3.35427e-07   3.89772e-07   3.28242e-07   4.04885e-07   4.65841e-07   5.11907e-07   5.55323e-07   6.68165e-07   7.37376e-07   8.19272e-07   9.00848e-07    7.2886e-07   6.10958e-07    4.7081e-07   3.66149e-07    3.0898e-07
 1.52378e-07    1.2569e-07   2.25793e-07   1.81312e-07   2.91499e-07   3.52045e-07   3.80664e-07   4.12388e-07   4.92206e-07   5.45691e-07   6.33807e-07    7.2886e-07   7.67055e-07   6.67493e-07   5.16159e-07    4.0973e-07    3.3065e-07
  9.0971e-08    7.3618e-08   1.72086e-07   1.04637e-07   2.07775e-07   2.52792e-07   2.63053e-07    3.0354e-07   3.74819e-07   4.10392e-07   5.07403e-07   6.10958e-07   6.67493e-07   7.74393e-07   6.30873e-07   5.19984e-07   4.01468e-07
 3.51001e-08   2.36205e-08   7.37782e-08   4.78019e-08   1.12787e-07   1.28583e-07   1.53294e-07   1.91681e-07   2.28993e-07   2.90285e-07   3.72105e-07    4.7081e-07   5.16159e-07   6.30873e-07   6.78501e-07   5.88128e-07   4.43523e-07
-2.03221e-08  -2.34274e-08   4.08176e-08   1.59388e-08   3.69945e-08   4.67051e-08   6.82092e-08   1.16502e-07   1.32014e-07   1.96945e-07   2.74371e-07   3.66149e-07    4.0973e-07   5.19984e-07   5.88128e-07   7.12295e-07    5.6491e-07
 3.96544e-08  -5.06214e-09   3.17755e-08   3.82254e-08   5.48982e-08   4.59749e-08    6.0035e-08   9.96216e-08   1.09034e-07   1.48781e-07   2.22021e-07    3.0898e-07    3.3065e-07   4.01468e-07   4.43523e-07    5.6491e-07   5.84318e-07
