 6.45661e-06   5.81514e-06   4.99554e-06   4.13518e-06   3.29911e-06   2.73693e-06   2.49334e-06   2.15409e-06   1.86923e-06   1.49614e-06   1.19243e-06    9.4061e-07   7.60791e-07   5.87188e-07   4.59666e-07    3.8003e-07   2.60645e-07   1.87686e-07    1.5818e-07   6.58479e-08   7.25878e-08   1.31437e-08   5.73044e-08   5.62649e-08
 5.81514e-06   6.07233e-06   5.15838e-06   4.36442e-06   3.55714e-06   2.86539e-06   2.57491e-06   2.20032e-06   1.90085e-06   1.56501e-06    1.2703e-06   9.72507e-07   7.72772e-07   6.23196e-07   4.88168e-07   3.91058e-07   2.25603e-07   1.05723e-07   7.03824e-08   -2.7936e-08  -2.48987e-08  -7.25149e-08  -1.79603e-08   -1.2841e-08
 4.99554e-06   5.15838e-06   5.26982e-06   4.45029e-06   3.66599e-06   3.03559e-06   2.73257e-06   2.31232e-06    1.9748e-06   1.64521e-06   1.37395e-06   1.09949e-06   8.74361e-07   6.99443e-07    5.4632e-07   4.06107e-07   2.50327e-07   1.53767e-07   1.44023e-07   5.35318e-08   3.12671e-08  -9.72556e-09   3.13816e-09  -4.66939e-09
 4.13518e-06   4.36442e-06   4.45029e-06   4.39812e-06   3.68622e-06   3.10774e-06   2.71989e-06    2.3103e-06   1.98442e-06   1.70386e-06   1.45237e-06    1.2003e-06    9.4141e-07   7.97498e-07   6.24377e-07   4.46948e-07   3.11564e-07   2.12545e-07   2.03692e-07     8.945e-08    8.3127e-08      4.36e-08   4.97926e-08   3.17372e-08
 3.29911e-06   3.55714e-06   3.66599e-06   3.68622e-06   3.68279e-06   3.14727e-06   2.76933e-06   2.36821e-06   2.02666e-06   1.69243e-06   1.37693e-06   1.12041e-06   8.56324e-07   7.00143e-07   5.26896e-07   3.44165e-07    2.3613e-07   1.19752e-07   9.61466e-08   2.88199e-08   2.50648e-08  -2.02615e-08   1.01568e-08  -4.44545e-09
 2.73693e-06   2.86539e-06   3.03559e-06   3.10774e-06   3.14727e-06   3.30363e-06   2.88211e-06   2.52728e-06   2.17957e-06   1.85074e-06   1.45945e-06   1.23711e-06   9.73745e-07   7.94446e-07   6.20179e-07   4.21089e-07   3.31375e-07   2.41714e-07   1.97555e-07   1.03818e-07   8.39332e-08   3.11069e-08   7.19926e-08    8.3901e-08
 2.49334e-06   2.57491e-06   2.73257e-06   2.71989e-06   2.76933e-06   2.88211e-06   2.99272e-06   2.63559e-06   2.32348e-06   2.01815e-06   1.58855e-06   1.32329e-06   1.02628e-06   8.44075e-07   6.59194e-07    4.7791e-07   3.89066e-07   3.03156e-07   2.48117e-07    1.4962e-07   1.02618e-07   3.64618e-08   3.47751e-08   2.23457e-08
 2.15409e-06   2.20032e-06   2.31232e-06    2.3103e-06   2.36821e-06   2.52728e-06   2.63559e-06   2.69641e-06   2.37121e-06   2.06103e-06   1.62368e-06   1.36047e-06   1.09858e-06   8.86684e-07   6.89017e-07   5.24653e-07    4.3341e-07   3.46848e-07   2.75957e-07   1.84079e-07   9.92586e-08   4.42494e-08   6.50317e-08   4.58778e-08
 1.86923e-06   1.90085e-06    1.9748e-06   1.98442e-06   2.02666e-06   2.17957e-06   2.32348e-06   2.37121e-06   2.45943e-06   2.12833e-06   1.70317e-06   1.39157e-06   1.15401e-06   9.51615e-07   7.26368e-07   5.52163e-07   4.30253e-07   3.41362e-07   2.51372e-07   1.93484e-07   1.05452e-07   5.01446e-08   5.82545e-08   4.84888e-08
 1.49614e-06   1.56501e-06   1.64521e-06   1.70386e-06   1.69243e-06   1.85074e-06   2.01815e-06   2.06103e-06   2.12833e-06   2.19937e-06   1.79098e-06   1.45901e-06   1.21743e-06   9.80769e-07   7.62533e-07   5.90318e-07    4.6517e-07   4.05506e-07   3.16144e-07   2.31495e-07    1.3306e-07    8.1785e-08   7.17298e-08   6.53348e-08
 1.19243e-06    1.2703e-06   1.37395e-06   1.45237e-06   1.37693e-06   1.45945e-06   1.58855e-06   1.62368e-06   1.70317e-06   1.79098e-06   1.74192e-06   1.44164e-06   1.21086e-06   1.02185e-06   7.89404e-07   6.29143e-07   4.73984e-07   3.91148e-07   3.04391e-07   2.44649e-07   1.61125e-07   1.20588e-07   1.12694e-07   9.34725e-08
  9.4061e-07   9.72507e-07   1.09949e-06    1.2003e-06   1.12041e-06   1.23711e-06   1.32329e-06   1.36047e-06   1.39157e-06   1.45901e-06   1.44164e-06   1.52898e-06   1.29501e-06   1.09201e-06     8.802e-07   7.31498e-07   5.50272e-07   4.71732e-07    3.8095e-07   2.86811e-07   1.96634e-07   1.22694e-07   1.14481e-07   8.23108e-08
 7.60791e-07   7.72772e-07   8.74361e-07    9.4141e-07   8.56324e-07   9.73745e-07   1.02628e-06   1.09858e-06   1.15401e-06   1.21743e-06   1.21086e-06   1.29501e-06   1.37027e-06   1.15348e-06   9.38795e-07   7.89781e-07   6.12707e-07   5.11844e-07   4.12137e-07   3.18674e-07    2.2131e-07   1.43907e-07   1.31928e-07   9.33771e-08
 5.87188e-07   6.23196e-07   6.99443e-07   7.97498e-07   7.00143e-07   7.94446e-07   8.44075e-07   8.86684e-07   9.51615e-07   9.80769e-07   1.02185e-06   1.09201e-06   1.15348e-06   1.18302e-06   9.72911e-07   8.28888e-07   6.54116e-07   5.45416e-07   4.38934e-07    3.5955e-07   2.81251e-07   2.01626e-07   1.88072e-07   1.32144e-07
 4.59666e-07   4.88168e-07    5.4632e-07   6.24377e-07   5.26896e-07   6.20179e-07   6.59194e-07   6.89017e-07   7.26368e-07   7.62533e-07   7.89404e-07     8.802e-07   9.38795e-07   9.72911e-07   1.02842e-06    8.7838e-07   7.21321e-07    6.1624e-07   5.34365e-07    4.2665e-07   3.31797e-07   2.54655e-07   2.50608e-07   1.90541e-07
  3.8003e-07   3.91058e-07   4.06107e-07   4.46948e-07   3.44165e-07   4.21089e-07    4.7791e-07   5.24653e-07   5.52163e-07   5.90318e-07   6.29143e-07   7.31498e-07   7.89781e-07   8.28888e-07    8.7838e-07   9.78281e-07   8.11206e-07   6.95791e-07   6.30006e-07   5.14382e-07   4.36584e-07   3.54193e-07   3.29567e-07   2.69365e-07
 2.60645e-07   2.25603e-07   2.50327e-07   3.11564e-07    2.3613e-07   3.31375e-07   3.89066e-07    4.3341e-07   4.30253e-07    4.6517e-07   4.73984e-07   5.50272e-07   6.12707e-07   6.54116e-07   7.21321e-07   8.11206e-07   8.39492e-07   7.23278e-07   6.55198e-07    5.2977e-07   4.50018e-07   3.70413e-07   3.38899e-07   2.95417e-07
 1.87686e-07   1.05723e-07   1.53767e-07   2.12545e-07   1.19752e-07   2.41714e-07   3.03156e-07   3.46848e-07   3.41362e-07   4.05506e-07   3.91148e-07   4.71732e-07   5.11844e-07   5.45416e-07    6.1624e-07   6.95791e-07   7.23278e-07   7.68989e-07   7.04686e-07   5.70397e-07   4.84728e-07   4.03634e-07   3.50054e-07   2.94962e-07
  1.5818e-07   7.03824e-08   1.44023e-07   2.03692e-07   9.61466e-08   1.97555e-07   2.48117e-07   2.75957e-07   2.51372e-07   3.16144e-07   3.04391e-07    3.8095e-07   4.12137e-07   4.38934e-07   5.34365e-07   6.30006e-07   6.55198e-07   7.04686e-07   8.31762e-07     6.813e-07   5.94961e-07   5.12737e-07   4.31481e-07   3.58374e-07
 6.58479e-08   -2.7936e-08   5.35318e-08     8.945e-08   2.88199e-08   1.03818e-07    1.4962e-07   1.84079e-07   1.93484e-07   2.31495e-07   2.44649e-07   2.86811e-07   3.18674e-07    3.5955e-07    4.2665e-07   5.14382e-07    5.2977e-07   5.70397e-07     6.813e-07    7.1713e-07   6.19703e-07   5.52209e-07   4.46885e-07   3.73224e-07
 7.25878e-08  -2.48987e-08   3.12671e-08    8.3127e-08   2.50648e-08   8.39332e-08   1.02618e-07   9.92586e-08   1.05452e-07    1.3306e-07   1.61125e-07   1.96634e-07    2.2131e-07   2.81251e-07   3.31797e-07   4.36584e-07   4.50018e-07   4.84728e-07   5.94961e-07   6.19703e-07   6.74244e-07   6.16488e-07   5.04302e-07   4.24571e-07
 1.31437e-08  -7.25149e-08  -9.72556e-09      4.36e-08  -2.02615e-08   3.11069e-08   3.64618e-08   4.42494e-08   5.01446e-08    8.1785e-08   1.20588e-07   1.22694e-07   1.43907e-07   2.01626e-07   2.54655e-07   3.54193e-07   3.70413e-07   4.03634e-07   5.12737e-07   5.52209e-07   6.16488e-07   7.26781e-07   6.09356e-07    5.1347e-07
 5.73044e-08  -1.79603e-08   3.13816e-09   4.97926e-08   1.01568e-08   7.19926e-08   3.47751e-08   6.50317e-08   5.82545e-08   7.17298e-08   1.12694e-07   1.14481e-07   1.31928e-07   1.88072e-07   2.50608e-07   3.29567e-07   3.38899e-07   3.50054e-07   4.31481e-07   4.46885e-07   5.04302e-07   6.09356e-07   6.22915e-07   5.35389e-07
 5.62649e-08   -1.2841e-08  -4.66939e-09   3.17372e-08  -4.44545e-09    8.3901e-08   2.23457e-08   4.58778e-08   4.84888e-08   6.53348e-08   9.34725e-08   8.23108e-08   9.33771e-08   1.32144e-07   1.90541e-07   2.69365e-07   2.95417e-07   2.94962e-07   3.58374e-07   3.73224e-07   4.24571e-07    5.1347e-07   5.35389e-07   5.97121e-07
