 4.91289e-06   4.11123e-06   3.61682e-06   3.12292e-06   2.80291e-06   2.34027e-06   2.03474e-06   1.86924e-06   1.50243e-06   1.31728e-06   1.11627e-06   8.79636e-07   6.95393e-07   6.30809e-07   5.12887e-07   3.61904e-07   3.41194e-07   4.01385e-07   3.10105e-07    2.4816e-07   1.63484e-07   7.74363e-08   4.51081e-08   1.96342e-08  -2.80013e-08    2.1281e-08  -2.22109e-08  -1.84463e-08  -3.23805e-08   3.45829e-08   3.81867e-08
 4.11123e-06   4.24145e-06   3.58844e-06   3.14066e-06   2.79143e-06   2.30691e-06   2.03217e-06   1.87047e-06   1.49619e-06   1.28958e-06   1.08847e-06   8.42802e-07   7.05494e-07   6.77972e-07   6.09088e-07   5.13454e-07   4.47915e-07   4.76552e-07   3.77155e-07    3.0598e-07   1.90961e-07   1.46507e-07   1.17432e-07    1.1116e-07   4.42934e-08   8.29259e-08   2.92613e-08   2.31226e-08  -1.63954e-08   3.80228e-08   2.13454e-08
 3.61682e-06   3.58844e-06   3.96233e-06   3.36212e-06   3.05615e-06   2.48358e-06   2.15006e-06   1.95043e-06   1.58251e-06   1.32771e-06   1.17807e-06   9.43689e-07    8.2098e-07   7.70762e-07   6.53502e-07   5.29371e-07   4.66795e-07   4.69215e-07   3.61902e-07    2.3988e-07   1.29752e-07    4.4408e-08   1.88259e-08   2.70938e-08  -2.54376e-08  -3.92102e-09   -1.6137e-08  -2.24041e-08  -8.42156e-08  -1.08421e-08  -3.86611e-09
 3.12292e-06   3.14066e-06   3.36212e-06   3.48767e-06   3.03704e-06    2.5462e-06   2.29148e-06   2.02899e-06   1.65444e-06   1.36262e-06   1.16156e-06   9.76362e-07   8.71782e-07   8.22668e-07   6.97308e-07    5.7499e-07   4.73902e-07   4.52997e-07   3.41544e-07   2.40312e-07   1.39209e-07   6.17721e-08   1.70291e-08   3.88058e-08   8.49663e-09  -3.57191e-09  -5.15293e-09    -2.613e-08  -9.61556e-08  -2.19293e-08  -4.42245e-08
 2.80291e-06   2.79143e-06   3.05615e-06   3.03704e-06   3.13783e-06   2.62271e-06   2.32773e-06   2.08416e-06   1.72308e-06   1.42373e-06   1.22694e-06   1.03528e-06   9.66572e-07   8.89322e-07   7.50727e-07   6.19097e-07    5.0469e-07   5.09061e-07   3.90875e-07   2.98512e-07   1.65766e-07   8.15847e-08   5.70405e-08   7.83006e-08   5.96665e-08   2.32081e-08   3.85619e-08   1.46885e-08  -5.56977e-08    8.7074e-09   -1.6025e-08
 2.34027e-06   2.30691e-06   2.48358e-06    2.5462e-06   2.62271e-06   2.69912e-06   2.35878e-06   2.16211e-06   1.80663e-06   1.53186e-06   1.32283e-06   1.12438e-06   1.03595e-06   9.54381e-07    7.7713e-07   6.59527e-07   4.97101e-07   4.80692e-07   3.63757e-07   2.73581e-07    1.5468e-07   8.55064e-08   3.96745e-08   3.25778e-08   7.79725e-09   -1.1917e-08  -1.44404e-09  -1.00603e-08  -6.83394e-08   1.02095e-08   6.11225e-09
 2.03474e-06   2.03217e-06   2.15006e-06   2.29148e-06   2.32773e-06   2.35878e-06   2.52591e-06   2.24803e-06   1.88559e-06   1.65644e-06   1.42547e-06   1.24866e-06   1.11955e-06   1.02957e-06   8.56245e-07   7.21274e-07   5.61965e-07   5.11633e-07    3.8595e-07   2.93722e-07   1.90253e-07   1.34781e-07    8.9522e-08   9.55778e-08   5.96502e-08   3.39833e-08   4.66932e-08   3.03655e-08  -4.26221e-08   1.80824e-08   5.92188e-09
 1.86924e-06   1.87047e-06   1.95043e-06   2.02899e-06   2.08416e-06   2.16211e-06   2.24803e-06   2.44812e-06   2.02472e-06   1.78836e-06   1.55005e-06   1.34982e-06   1.20571e-06   1.06188e-06   9.01908e-07   7.55276e-07   5.98063e-07   5.61557e-07   4.40528e-07    3.7111e-07   2.60536e-07   2.10003e-07   1.52062e-07   1.52141e-07   1.07763e-07   7.29117e-08   9.17424e-08   7.42592e-08   6.77233e-09   6.60374e-08   4.40228e-08
 1.50243e-06   1.49619e-06   1.58251e-06   1.65444e-06   1.72308e-06   1.80663e-06   1.88559e-06   2.02472e-06     1.939e-06   1.67429e-06   1.46299e-06   1.26681e-06   1.15298e-06   1.01722e-06   8.74766e-07   7.17664e-07   5.60461e-07   5.27855e-07   4.25679e-07   3.56813e-07    2.5643e-07   2.09471e-07   1.65621e-07   1.56102e-07   1.27013e-07   8.78213e-08   8.10914e-08   7.50984e-08  -1.19473e-08   3.39855e-08   7.55296e-09
 1.31728e-06   1.28958e-06   1.32771e-06   1.36262e-06   1.42373e-06   1.53186e-06   1.65644e-06   1.78836e-06   1.67429e-06   1.79872e-06   1.55608e-06   1.36967e-06   1.23243e-06   1.09404e-06   9.19684e-07   7.41468e-07   5.97599e-07   5.39284e-07   4.45667e-07   3.63211e-07   2.76772e-07   2.18452e-07   1.74197e-07   1.62948e-07   1.12398e-07   7.56171e-08   6.50136e-08   5.17269e-08  -2.22754e-08   2.52658e-08   8.99485e-09
 1.11627e-06   1.08847e-06   1.17807e-06   1.16156e-06   1.22694e-06   1.32283e-06   1.42547e-06   1.55005e-06   1.46299e-06   1.55608e-06    1.6723e-06   1.41211e-06    1.2676e-06   1.15465e-06   9.69811e-07   7.90741e-07   6.76142e-07   5.95868e-07   4.87466e-07   3.83292e-07     3.003e-07   2.36778e-07   2.05937e-07   1.92421e-07   1.51091e-07   1.00126e-07   9.06017e-08   8.08241e-08   1.98681e-08   4.07904e-08   8.74026e-09
 8.79636e-07   8.42802e-07   9.43689e-07   9.76362e-07   1.03528e-06   1.12438e-06   1.24866e-06   1.34982e-06   1.26681e-06   1.36967e-06   1.41211e-06   1.46422e-06   1.26807e-06   1.15652e-06   9.78491e-07   7.81366e-07   6.41512e-07    5.6128e-07    4.6057e-07   3.42977e-07    2.7208e-07   2.08524e-07   1.91222e-07   1.73784e-07   1.29191e-07   9.00398e-08   9.96231e-08    7.6167e-08   2.58412e-08   6.00734e-08    2.6565e-08
 6.95393e-07   7.05494e-07    8.2098e-07   8.71782e-07   9.66572e-07   1.03595e-06   1.11955e-06   1.20571e-06   1.15298e-06   1.23243e-06    1.2676e-06   1.26807e-06   1.40586e-06   1.20045e-06   1.05562e-06   8.44795e-07   7.04672e-07    6.2402e-07   5.17601e-07   4.23081e-07   3.33511e-07   2.54749e-07   2.37056e-07   2.23688e-07   1.64176e-07   1.32387e-07   1.22554e-07   8.81268e-08   4.28528e-08   5.63818e-08   2.16097e-08
 6.30809e-07   6.77972e-07   7.70762e-07   8.22668e-07   8.89322e-07   9.54381e-07   1.02957e-06   1.06188e-06   1.01722e-06   1.09404e-06   1.15465e-06   1.15652e-06   1.20045e-06   1.27193e-06   1.06532e-06   9.08492e-07   7.71074e-07   6.67127e-07   5.40314e-07   4.40929e-07   3.59887e-07   2.73102e-07    2.4346e-07   2.18827e-07   1.50325e-07   1.19363e-07   1.07108e-07   7.13719e-08   1.98851e-08   4.36845e-08   2.96465e-08
 5.12887e-07   6.09088e-07   6.53502e-07   6.97308e-07   7.50727e-07    7.7713e-07   8.56245e-07   9.01908e-07   8.74766e-07   9.19684e-07   9.69811e-07   9.78491e-07   1.05562e-06   1.06532e-06   1.10405e-06    9.0374e-07   7.74631e-07   6.57169e-07   5.31733e-07   4.52009e-07   3.76545e-07   3.01911e-07   2.68324e-07   2.34853e-07   1.67335e-07   1.48032e-07   1.36467e-07   1.06262e-07   4.30133e-08   5.97681e-08   4.69632e-08
 3.61904e-07   5.13454e-07   5.29371e-07    5.7499e-07   6.19097e-07   6.59527e-07   7.21274e-07   7.55276e-07   7.17664e-07   7.41468e-07   7.90741e-07   7.81366e-07   8.44795e-07   9.08492e-07    9.0374e-07   9.94669e-07   8.08642e-07    6.9653e-07   5.73757e-07   5.01188e-07   4.38289e-07   3.57853e-07   3.24484e-07   2.76504e-07   2.14978e-07   1.66986e-07   1.29569e-07   1.03948e-07   6.17566e-08   5.89383e-08   3.51327e-08
 3.41194e-07   4.47915e-07   4.66795e-07   4.73902e-07    5.0469e-07   4.97101e-07   5.61965e-07   5.98063e-07   5.60461e-07   5.97599e-07   6.76142e-07   6.41512e-07   7.04672e-07   7.71074e-07   7.74631e-07   8.08642e-07   9.03682e-07     7.255e-07   6.18016e-07   5.30336e-07   4.35612e-07   3.45922e-07   3.26503e-07   2.88785e-07   2.22375e-07   1.70107e-07   1.42084e-07   1.13948e-07   8.90864e-08    8.3787e-08   5.91135e-08
 4.01385e-07   4.76552e-07   4.69215e-07   4.52997e-07   5.09061e-07   4.80692e-07   5.11633e-07   5.61557e-07   5.27855e-07   5.39284e-07   5.95868e-07    5.6128e-07    6.2402e-07   6.67127e-07   6.57169e-07    6.9653e-07     7.255e-07   7.74425e-07   6.69823e-07   5.90652e-07   4.90453e-07   3.87669e-07   3.68701e-07   3.21777e-07   2.69056e-07   2.15956e-07   1.93007e-07   1.61548e-07    1.3301e-07   1.39605e-07   8.74568e-08
 3.10105e-07   3.77155e-07   3.61902e-07   3.41544e-07   3.90875e-07   3.63757e-07    3.8595e-07   4.40528e-07   4.25679e-07   4.45667e-07   4.87466e-07    4.6057e-07   5.17601e-07   5.40314e-07   5.31733e-07   5.73757e-07   6.18016e-07   6.69823e-07   7.31204e-07   6.30753e-07   5.48802e-07    4.2569e-07   3.86006e-07   3.36088e-07   2.81635e-07   2.34135e-07   1.91117e-07   1.72583e-07   1.56256e-07   1.53192e-07   9.55094e-08
  2.4816e-07    3.0598e-07    2.3988e-07   2.40312e-07   2.98512e-07   2.73581e-07   2.93722e-07    3.7111e-07   3.56813e-07   3.63211e-07   3.83292e-07   3.42977e-07   4.23081e-07   4.40929e-07   4.52009e-07   5.01188e-07   5.30336e-07   5.90652e-07   6.30753e-07    6.9949e-07   5.94454e-07   4.77701e-07   4.39367e-07   3.90173e-07   3.26963e-07   2.73294e-07   2.28693e-07   2.01383e-07   1.84086e-07   1.78098e-07   1.24708e-07
 1.63484e-07   1.90961e-07   1.29752e-07   1.39209e-07   1.65766e-07    1.5468e-07   1.90253e-07   2.60536e-07    2.5643e-07   2.76772e-07     3.003e-07    2.7208e-07   3.33511e-07   3.59887e-07   3.76545e-07   4.38289e-07   4.35612e-07   4.90453e-07   5.48802e-07   5.94454e-07   6.63946e-07   5.32186e-07   4.90599e-07    4.3459e-07   3.60106e-07   3.07359e-07   2.60495e-07   2.33763e-07   2.17391e-07   1.98629e-07   1.49395e-07
 7.74363e-08   1.46507e-07    4.4408e-08   6.17721e-08   8.15847e-08   8.55064e-08   1.34781e-07   2.10003e-07   2.09471e-07   2.18452e-07   2.36778e-07   2.08524e-07   2.54749e-07   2.73102e-07   3.01911e-07   3.57853e-07   3.45922e-07   3.87669e-07    4.2569e-07   4.77701e-07   5.32186e-07   5.82268e-07   5.19507e-07   4.60452e-07   3.89318e-07   3.42014e-07   2.84225e-07   2.52719e-07   2.40849e-07   2.02977e-07   1.55015e-07
 4.51081e-08   1.17432e-07   1.88259e-08   1.70291e-08   5.70405e-08   3.96745e-08    8.9522e-08   1.52062e-07   1.65621e-07   1.74197e-07   2.05937e-07   1.91222e-07   2.37056e-07    2.4346e-07   2.68324e-07   3.24484e-07   3.26503e-07   3.68701e-07   3.86006e-07   4.39367e-07   4.90599e-07   5.19507e-07   5.99221e-07   5.05779e-07    4.3685e-07   3.84773e-07    3.2551e-07    2.9331e-07   2.78962e-07   2.37694e-07   1.74871e-07
 1.96342e-08    1.1116e-07   2.70938e-08   3.88058e-08   7.83006e-08   3.25778e-08   9.55778e-08   1.52141e-07   1.56102e-07   1.62948e-07   1.92421e-07   1.73784e-07   2.23688e-07   2.18827e-07   2.34853e-07   2.76504e-07   2.88785e-07   3.21777e-07   3.36088e-07   3.90173e-07    4.3459e-07   4.60452e-07   5.05779e-07   5.57738e-07   4.84491e-07   4.23843e-07   3.64092e-07    3.2146e-07   2.98666e-07   2.45363e-07   1.77996e-07
-2.80013e-08   4.42934e-08  -2.54376e-08   8.49663e-09   5.96665e-08   7.79725e-09   5.96502e-08   1.07763e-07   1.27013e-07   1.12398e-07   1.51091e-07   1.29191e-07   1.64176e-07   1.50325e-07   1.67335e-07   2.14978e-07   2.22375e-07   2.69056e-07   2.81635e-07   3.26963e-07   3.60106e-07   3.89318e-07    4.3685e-07   4.84491e-07   5.44983e-07   4.57327e-07    4.0643e-07   3.60214e-07   3.22862e-07   2.69389e-07   1.97127e-07
  2.1281e-08   8.29259e-08  -3.92102e-09  -3.57191e-09   2.32081e-08   -1.1917e-08   3.39833e-08   7.29117e-08   8.78213e-08   7.56171e-08   1.00126e-07   9.00398e-08   1.32387e-07   1.19363e-07   1.48032e-07   1.66986e-07   1.70107e-07   2.15956e-07   2.34135e-07   2.73294e-07   3.07359e-07   3.42014e-07   3.84773e-07   4.23843e-07   4.57327e-07   4.97016e-07   4.31135e-07   3.99917e-07   3.66634e-07   3.19023e-07   2.40723e-07
-2.22109e-08   2.92613e-08   -1.6137e-08  -5.15293e-09   3.85619e-08  -1.44404e-09   4.66932e-08   9.17424e-08   8.10914e-08   6.50136e-08   9.06017e-08   9.96231e-08   1.22554e-07   1.07108e-07   1.36467e-07   1.29569e-07   1.42084e-07   1.93007e-07   1.91117e-07   2.28693e-07   2.60495e-07   2.84225e-07    3.2551e-07   3.64092e-07    4.0643e-07   4.31135e-07   4.87392e-07   4.34446e-07   3.94568e-07   3.50157e-07   2.72132e-07
-1.84463e-08   2.31226e-08  -2.24041e-08    -2.613e-08   1.46885e-08  -1.00603e-08   3.03655e-08   7.42592e-08   7.50984e-08   5.17269e-08   8.08241e-08    7.6167e-08   8.81268e-08   7.13719e-08   1.06262e-07   1.03948e-07   1.13948e-07   1.61548e-07   1.72583e-07   2.01383e-07   2.33763e-07   2.52719e-07    2.9331e-07    3.2146e-07   3.60214e-07   3.99917e-07   4.34446e-07     4.838e-07   4.28566e-07   3.77011e-07   2.95947e-07
-3.23805e-08  -1.63954e-08  -8.42156e-08  -9.61556e-08  -5.56977e-08  -6.83394e-08  -4.26221e-08   6.77233e-09  -1.19473e-08  -2.22754e-08   1.98681e-08   2.58412e-08   4.28528e-08   1.98851e-08   4.30133e-08   6.17566e-08   8.90864e-08    1.3301e-07   1.56256e-07   1.84086e-07   2.17391e-07   2.40849e-07   2.78962e-07   2.98666e-07   3.22862e-07   3.66634e-07   3.94568e-07   4.28566e-07   4.90113e-07   4.20463e-07   3.42917e-07
 3.45829e-08   3.80228e-08  -1.08421e-08  -2.19293e-08    8.7074e-09   1.02095e-08   1.80824e-08   6.60374e-08   3.39855e-08   2.52658e-08   4.07904e-08   6.00734e-08   5.63818e-08   4.36845e-08   5.97681e-08   5.89383e-08    8.3787e-08   1.39605e-07   1.53192e-07   1.78098e-07   1.98629e-07   2.02977e-07   2.37694e-07   2.45363e-07   2.69389e-07   3.19023e-07   3.50157e-07   3.77011e-07   4.20463e-07   4.59504e-07   3.74434e-07
 3.81867e-08   2.13454e-08  -3.86611e-09  -4.42245e-08   -1.6025e-08   6.11225e-09   5.92188e-09   4.40228e-08   7.55296e-09   8.99485e-09   8.74026e-09    2.6565e-08   2.16097e-08   2.96465e-08   4.69632e-08   3.51327e-08   5.91135e-08   8.74568e-08   9.55094e-08   1.24708e-07   1.49395e-07   1.55015e-07   1.74871e-07   1.77996e-07   1.97127e-07   2.40723e-07   2.72132e-07   2.95947e-07   3.42917e-07   3.74434e-07   3.98602e-07
