0.00463506  -0.00175574  0.000151306  2.49719e-05  -1.27601e-05  1.86969e-05  1.02028e-05  5.81169e-08  -3.46474e-05  3.74003e-05  -2.28471e-05  -4.31067e-06  1.93795e-06  2.23287e-05  -3.26836e-06  4.00104e-06  -1.79008e-06  -5.14551e-05  4.59509e-05  -2.52318e-05  -1.04366e-06  3.96555e-05  -5.49857e-05
-0.00175574  0.0025581  -0.00109621  0.000123857  5.43576e-05  -2.80215e-05  -3.31655e-05  2.5619e-05  -3.22518e-06  -3.07877e-06  4.54107e-06  5.72685e-06  2.78031e-06  -2.56901e-05  5.19329e-06  4.04959e-06  1.67707e-05  3.89872e-07  -2.19166e-05  3.41978e-06  1.9792e-05  -1.18846e-05  4.90417e-06
0.000151306  -0.00109621  0.00145238  -0.000638193  4.6977e-05  6.88031e-06  4.04958e-05  -9.24517e-06  -1.61668e-05  7.37642e-06  1.10253e-05  -2.66457e-05  2.0163e-05  -7.76138e-07  5.69661e-06  9.08348e-07  -3.06923e-05  2.57588e-05  -7.59136e-06  2.38462e-05  -1.95809e-05  -5.82974e-06  1.19021e-05
2.49719e-05  0.000123857  -0.000638193  0.000833214  -0.000446913  9.0626e-05  -1.24066e-05  -1.32243e-06  2.54088e-05  -7.28943e-06  -2.59323e-05  3.15129e-05  -1.69684e-05  -7.76181e-07  1.45431e-07  2.52752e-06  7.95002e-06  -2.69143e-06  1.65843e-06  -1.7374e-05  1.38135e-05  4.57419e-06  -1.6195e-05
-1.27601e-05  5.43576e-05  4.6977e-05  -0.000446913  0.000640774  -0.000364404  6.88895e-05  3.73044e-06  -1.60154e-05  1.88182e-06  2.03243e-05  -2.16191e-05  4.19527e-06  1.15338e-05  -5.05701e-06  -3.18451e-06  2.92601e-06  -1.13227e-05  1.37705e-05  -1.94937e-06  -6.58477e-06  -1.49743e-06  1.35131e-05
1.86969e-05  -2.80215e-05  6.88031e-06  9.0626e-05  -0.000364404  0.000511196  -0.000283315  4.22774e-05  2.82168e-06  6.03124e-06  -8.84964e-06  1.92583e-05  -1.1811e-05  -2.13527e-06  -2.59083e-06  3.90797e-06  -2.39585e-07  -1.23306e-06  1.59471e-06  -2.74643e-06  2.91972e-06  2.18534e-06  -5.22787e-06
1.02028e-05  -3.31655e-05  4.04958e-05  -1.24066e-05  6.88895e-05  -0.000283315  0.00040913  -0.000221061  3.88379e-05  -7.13347e-06  1.24272e-05  -1.99357e-05  1.50543e-05  6.6217e-06  -7.58515e-06  1.93939e-06  -3.6788e-06  5.80961e-06  -1.07399e-05  7.5113e-06  2.87834e-06  -9.13857e-06  8.94332e-06
5.81169e-08  2.5619e-05  -9.24517e-06  -1.32243e-06  3.73044e-06  4.22774e-05  -0.000221061  0.000326618  -0.00019143  3.99404e-05  -6.44873e-06  1.35458e-05  -6.78088e-06  -1.21646e-05  1.7816e-05  -1.05357e-05  5.15651e-06  -8.71823e-07  3.70262e-06  -4.33202e-06  3.74894e-06  -3.60738e-06  2.45278e-06
-3.46474e-05  -3.22518e-06  -1.61668e-05  2.54088e-05  -1.60154e-05  2.82168e-06  3.88379e-05  -0.00019143  0.000279227  -0.00016788  2.83367e-05  1.00548e-06  2.39378e-06  4.72995e-06  -1.12828e-05  8.98643e-06  2.16814e-08  -4.13315e-06  -1.43267e-06  1.3961e-06  -3.80106e-06  9.05743e-06  -8.56991e-06
3.74003e-05  -3.07877e-06  7.37642e-06  -7.28943e-06  1.88182e-06  6.03124e-06  -7.13347e-06  3.99404e-05  -0.00016788  0.000266318  -0.000168994  3.33107e-05  4.2941e-06  -2.17619e-06  2.16903e-06  2.20809e-06  -7.10224e-06  9.2777e-07  6.51665e-06  1.94702e-06  -7.27838e-06  -5.17912e-07  5.55757e-06
-2.28471e-05  4.54107e-06  1.10253e-05  -2.59323e-05  2.03243e-05  -8.84964e-06  1.24272e-05  -6.44873e-06  2.83367e-05  -0.000168994  0.000266782  -0.000157555  2.51934e-05  1.24534e-06  4.34275e-06  -5.79033e-06  6.91594e-06  1.79002e-06  -7.33542e-06  -2.53327e-07  8.64166e-06  -6.83656e-06  1.61355e-06
-4.31067e-06  5.72685e-06  -2.66457e-05  3.15129e-05  -2.16191e-05  1.92583e-05  -1.99357e-05  1.35458e-05  1.00548e-06  3.33107e-05  -0.000157555  0.00022261  -0.000136031  3.26349e-05  -9.52995e-07  -4.23744e-06  5.18435e-06  2.55106e-07  1.45484e-06  -3.89847e-06  -3.65621e-06  9.99812e-06  -9.91553e-06
1.93795e-06  2.78031e-06  2.0163e-05  -1.69684e-05  4.19527e-06  -1.1811e-05  1.50543e-05  -6.78088e-06  2.39378e-06  4.2941e-06  2.51934e-05  -0.000136031  0.000218325  -0.000140574  2.36017e-05  1.21561e-05  -8.46689e-06  -5.88798e-07  -1.52923e-06  7.55152e-06  -6.81379e-07  -4.88437e-06  3.2617e-06
2.23287e-05  -2.56901e-05  -7.76138e-07  -7.76181e-07  1.15338e-05  -2.13527e-06  6.6217e-06  -1.21646e-05  4.72995e-06  -2.17619e-06  1.24534e-06  3.26349e-05  -0.000140574  0.000206771  -0.000124786  2.27281e-05  1.70832e-06  1.07171e-06  1.81831e-06  -5.47982e-06  2.67636e-06  -9.75115e-07  4.25414e-06
-3.26836e-06  5.19329e-06  5.69661e-06  1.45431e-07  -5.05701e-06  -2.59083e-06  -7.58515e-06  1.7816e-05  -1.12828e-05  2.16903e-06  4.34275e-06  -9.52995e-07  2.36017e-05  -0.000124786  0.000196488  -0.000126184  2.82823e-05  1.35439e-06  -5.09779e-07  4.26991e-06  -7.15281e-06  3.47154e-06  -2.14859e-07
4.00104e-06  4.04959e-06  9.08348e-07  2.52752e-06  -3.18451e-06  3.90797e-06  1.93939e-06  -1.05357e-05  8.98643e-06  2.20809e-06  -5.79033e-06  -4.23744e-06  1.21561e-05  2.27281e-05  -0.000126184  0.000190776  -0.000123217  2.31477e-05  1.0083e-05  -8.56315e-06  6.33188e-06  -2.00017e-06  -2.72242e-06
-1.79008e-06  1.67707e-05  -3.06923e-05  7.95002e-06  2.92601e-06  -2.39585e-07  -3.6788e-06  5.15651e-06  2.16814e-08  -7.10224e-06  6.91594e-06  5.18435e-06  -8.46689e-06  1.70832e-06  2.82823e-05  -0.000123217  0.000184223  -0.000105569  6.95991e-06  9.0086e-06  2.04592e-06  -8.74458e-08  -2.50737e-06
-5.14551e-05  3.89872e-07  2.57588e-05  -2.69143e-06  -1.13227e-05  -1.23306e-06  5.80961e-06  -8.71823e-07  -4.13315e-06  9.2777e-07  1.79002e-06  2.55106e-07  -5.88798e-07  1.07171e-06  1.35439e-06  2.31477e-05  -0.000105569  0.000160953  -0.000102325  2.60037e-05  -8.55506e-06  5.72654e-06  -2.40849e-07
4.59509e-05  -2.19166e-05  -7.59136e-06  1.65843e-06  1.37705e-05  1.59471e-06  -1.07399e-05  3.70262e-06  -1.43267e-06  6.51665e-06  -7.33542e-06  1.45484e-06  -1.52923e-06  1.81831e-06  -5.09779e-07  1.0083e-05  6.95991e-06  -0.000102325  0.000177023  -0.000123269  3.4775e-05  -6.21941e-06  6.2707e-06
-2.52318e-05  3.41978e-06  2.38462e-05  -1.7374e-05  -1.94937e-06  -2.74643e-06  7.5113e-06  -4.33202e-06  1.3961e-06  1.94702e-06  -2.53327e-07  -3.89847e-06  7.55152e-06  -5.47982e-06  4.26991e-06  -8.56315e-06  9.0086e-06  2.60037e-05  -0.000123269  0.000185972  -0.000119994  2.80489e-05  2.2197e-07
-1.04366e-06  1.9792e-05  -1.95809e-05  1.38135e-05  -6.58477e-06  2.91972e-06  2.87834e-06  3.74894e-06  -3.80106e-06  -7.27838e-06  8.64166e-06  -3.65621e-06  -6.81379e-07  2.67636e-06  -7.15281e-06  6.33188e-06  2.04592e-06  -8.55506e-06  3.4775e-05  -0.000119994  0.000183476  -0.000121998  5.58508e-05
3.96555e-05  -1.18846e-05  -5.82974e-06  4.57419e-06  -1.49743e-06  2.18534e-06  -9.13857e-06  -3.60738e-06  9.05743e-06  -5.17912e-07  -6.83656e-06  9.99812e-06  -4.88437e-06  -9.75115e-07  3.47154e-06  -2.00017e-06  -8.74458e-08  5.72654e-06  -6.21941e-06  2.80489e-05  -0.000121998  0.000185947  -0.000188434
-5.49857e-05  4.90417e-06  1.19021e-05  -1.6195e-05  1.35131e-05  -5.22787e-06  8.94332e-06  2.45278e-06  -8.56991e-06  5.55757e-06  1.61355e-06  -9.91553e-06  3.2617e-06  4.25414e-06  -2.14859e-07  -2.72242e-06  -2.50737e-06  -2.40849e-07  6.2707e-06  2.2197e-07  5.58508e-05  -0.000188434  0.000277018
