 4.54542e-06   3.86136e-06   3.53418e-06    3.1599e-06   2.94001e-06   2.62019e-06   2.14212e-06   1.99678e-06   2.01873e-06   1.69121e-06   1.43721e-06   1.32357e-06   1.15656e-06   1.01595e-06   8.31006e-07   6.85419e-07   7.66249e-07   6.23364e-07   5.98745e-07   4.66103e-07   4.32584e-07   4.67974e-07   4.74915e-07   4.03939e-07   2.94612e-07   3.32578e-07   1.33105e-07   1.43905e-07   1.48768e-07   7.41329e-08   5.26715e-08    6.0627e-09   6.54718e-08   6.95854e-08   5.39016e-09   4.51216e-08  -3.99135e-08    2.7772e-08    6.5629e-08   4.42503e-08
 3.86136e-06   4.18404e-06   3.61508e-06   3.27739e-06   3.05596e-06   2.70698e-06   2.27715e-06   2.03361e-06   2.07785e-06    1.7253e-06   1.48678e-06   1.33262e-06   1.22625e-06   1.01302e-06   8.06411e-07   6.75829e-07   7.37424e-07   5.97689e-07   5.44656e-07    4.4923e-07   3.93051e-07     4.755e-07   4.39019e-07   3.47593e-07   2.30368e-07    2.6705e-07   9.48985e-08   7.68314e-08   9.48452e-08   4.64735e-08   5.51904e-08  -2.01418e-08   3.27248e-08   1.21911e-08  -2.25298e-08   1.54039e-08  -7.29852e-08  -1.72989e-08   6.37313e-10  -1.63951e-09
 3.53418e-06   3.61508e-06   3.99085e-06   3.44059e-06   3.23378e-06   2.85569e-06   2.38417e-06   2.15861e-06   2.10171e-06   1.77902e-06    1.5443e-06   1.32374e-06   1.25012e-06   1.07987e-06   9.01302e-07   8.23796e-07     8.668e-07   7.34298e-07   6.66712e-07   5.79292e-07   4.44621e-07   5.14761e-07   4.81632e-07   4.15946e-07   2.50925e-07   2.88742e-07   8.00733e-08   5.72018e-08   4.43176e-08    2.9215e-08   2.06699e-08  -1.72197e-08   2.30683e-08    7.8521e-09  -1.84719e-08   7.82867e-09   -1.0742e-07  -4.35317e-08  -6.64424e-11  -7.67926e-11
  3.1599e-06   3.27739e-06   3.44059e-06   3.65289e-06   3.21871e-06   2.86495e-06   2.48573e-06   2.29807e-06   2.25788e-06   1.90788e-06   1.65953e-06   1.42134e-06   1.28063e-06   1.14944e-06   9.79422e-07   8.80012e-07   9.15544e-07   7.46014e-07     6.965e-07   5.76661e-07   4.76607e-07   5.04636e-07   4.56812e-07   3.86184e-07   2.37048e-07   2.77092e-07   7.16654e-08   5.25126e-08   2.67047e-08   2.51881e-09  -4.47389e-10  -1.66474e-08   6.16163e-09  -2.35551e-08  -4.06722e-08  -2.50799e-08  -1.03416e-07  -6.36696e-08  -2.00549e-08  -5.33425e-08
 2.94001e-06   3.05596e-06   3.23378e-06   3.21871e-06   3.46671e-06   2.89053e-06   2.50307e-06   2.30378e-06   2.21945e-06   1.88885e-06   1.61672e-06   1.40493e-06   1.24509e-06   1.14024e-06   9.68059e-07   9.13461e-07   9.60516e-07   8.06686e-07   7.27357e-07   6.42552e-07   5.06787e-07    5.4897e-07   5.10823e-07   4.04241e-07   2.44391e-07   3.01511e-07   8.48361e-08   7.89023e-08   7.12152e-08   5.83344e-08   5.23584e-08   3.67443e-08   3.33078e-08   1.40398e-08  -1.06493e-08   1.75736e-09  -9.97209e-08  -6.01022e-08   -1.2516e-08  -4.68545e-08
 2.62019e-06   2.70698e-06   2.85569e-06   2.86495e-06   2.89053e-06   3.10486e-06   2.53097e-06   2.35974e-06    2.2857e-06   1.98256e-06   1.74014e-06   1.50858e-06   1.37202e-06   1.19896e-06   1.04257e-06   1.00486e-06   9.96067e-07   8.43305e-07   7.60743e-07   6.26649e-07   4.85805e-07   5.36236e-07   4.84349e-07   4.39906e-07   3.24677e-07   3.60877e-07    1.4413e-07   1.39218e-07   9.71102e-08   7.14696e-08   8.59896e-08   8.04475e-08   6.57204e-08   5.30914e-08   7.19728e-08   7.18292e-08  -3.85301e-08   6.29336e-10   4.74541e-08    1.2983e-08
 2.14212e-06   2.27715e-06   2.38417e-06   2.48573e-06   2.50307e-06   2.53097e-06   2.64322e-06   2.28779e-06   2.28976e-06   1.99792e-06   1.72769e-06    1.5265e-06    1.3758e-06   1.21186e-06   1.07233e-06   9.99721e-07   1.00949e-06   8.32574e-07   7.42454e-07   6.64736e-07   5.01778e-07   5.07908e-07   4.61365e-07   3.67581e-07   2.37351e-07   2.69796e-07   7.70548e-08   7.94799e-08   4.61976e-08   1.50952e-08    3.6815e-10  -7.60073e-09  -7.03264e-09  -1.97521e-08   -3.6618e-08  -1.34561e-08  -9.29078e-08  -5.39269e-08   2.09036e-08  -1.65711e-08
 1.99678e-06   2.03361e-06   2.15861e-06   2.29807e-06   2.30378e-06   2.35974e-06   2.28779e-06   2.53286e-06   2.32407e-06   2.08315e-06   1.80222e-06   1.62803e-06   1.47606e-06   1.34038e-06   1.20077e-06    1.0818e-06   1.10516e-06   8.94133e-07   8.36664e-07    7.1998e-07   5.80566e-07   5.43756e-07   4.87077e-07    4.0009e-07   2.81478e-07   2.84012e-07   1.34282e-07   1.27856e-07   1.01551e-07   6.21721e-08   6.89701e-08   5.89103e-08   4.37796e-08   3.53751e-08   4.72507e-08   4.02725e-08  -2.43755e-08   -4.0464e-08   3.51013e-08  -1.17248e-08
 2.01873e-06   2.07785e-06   2.10171e-06   2.25788e-06   2.21945e-06    2.2857e-06   2.28976e-06   2.32407e-06   2.61023e-06   2.24445e-06   1.97624e-06   1.77643e-06    1.6046e-06   1.46408e-06   1.27684e-06   1.19518e-06   1.14556e-06   9.56247e-07   8.87042e-07   7.68242e-07   6.18807e-07   6.08733e-07   5.38231e-07   4.52275e-07   3.49558e-07   3.39297e-07    1.9938e-07   2.04961e-07   1.64268e-07   1.28842e-07   1.13989e-07   8.12727e-08   8.47041e-08   6.01258e-08   4.98075e-08   5.53381e-08   7.17247e-09  -2.26874e-08   6.38829e-08   2.43911e-08
 1.69121e-06    1.7253e-06   1.77902e-06   1.90788e-06   1.88885e-06   1.98256e-06   1.99792e-06   2.08315e-06   2.24445e-06   2.33832e-06    1.9415e-06   1.76416e-06   1.62965e-06   1.48738e-06   1.27955e-06   1.19827e-06   1.12739e-06   9.52314e-07   8.81116e-07   7.62696e-07   6.09759e-07   5.70694e-07   5.24459e-07   4.47184e-07    3.6107e-07   3.61577e-07   2.29294e-07   2.17104e-07   1.63779e-07    1.4144e-07   1.36064e-07     1.226e-07   9.19357e-08   7.40435e-08   7.35748e-08   8.79134e-08   1.34191e-08  -1.81639e-08   7.41873e-08   1.00175e-08
 1.43721e-06   1.48678e-06    1.5443e-06   1.65953e-06   1.61672e-06   1.74014e-06   1.72769e-06   1.80222e-06   1.97624e-06    1.9415e-06   1.95458e-06   1.67879e-06   1.54385e-06   1.45939e-06   1.23764e-06   1.18849e-06   1.10235e-06     9.571e-07   8.74872e-07   7.46036e-07   6.14853e-07   5.74914e-07   5.28523e-07   4.57642e-07   3.76936e-07   3.71064e-07   2.48636e-07   2.42809e-07   2.10994e-07   1.83489e-07   1.53507e-07   1.37749e-07   1.21938e-07   9.38946e-08   8.24632e-08   9.11741e-08   2.35115e-08  -9.34333e-09   6.30223e-08   1.07262e-08
 1.32357e-06   1.33262e-06   1.32374e-06   1.42134e-06   1.40493e-06   1.50858e-06    1.5265e-06   1.62803e-06   1.77643e-06   1.76416e-06   1.67879e-06   1.81143e-06   1.59566e-06   1.50856e-06   1.29483e-06   1.21784e-06   1.15564e-06   9.94149e-07    8.8961e-07   7.61917e-07   6.38813e-07   5.89498e-07   5.33492e-07   4.72698e-07   3.75846e-07   3.60724e-07   2.58031e-07   2.29771e-07   1.99624e-07    1.6662e-07    1.6115e-07    1.2274e-07   9.86728e-08   7.68017e-08    4.8143e-08   6.19389e-08   3.62713e-09  -2.60889e-08    4.6445e-08   7.02836e-09
 1.15656e-06   1.22625e-06   1.25012e-06   1.28063e-06   1.24509e-06   1.37202e-06    1.3758e-06   1.47606e-06    1.6046e-06   1.62965e-06   1.54385e-06   1.59566e-06   1.78725e-06   1.58297e-06   1.35076e-06   1.28175e-06   1.20843e-06   1.07389e-06   9.43086e-07   7.74823e-07   6.88678e-07   6.22705e-07   5.61461e-07   5.18668e-07    3.9046e-07   3.62197e-07    2.7036e-07   2.35758e-07   2.23931e-07   2.01261e-07   1.49309e-07   1.27977e-07   1.09586e-07   8.43382e-08   7.64474e-08   8.08297e-08   2.38853e-08  -6.88695e-09   4.70234e-08   5.87463e-09
 1.01595e-06   1.01302e-06   1.07987e-06   1.14944e-06   1.14024e-06   1.19896e-06   1.21186e-06   1.34038e-06   1.46408e-06   1.48738e-06   1.45939e-06   1.50856e-06   1.58297e-06   1.73217e-06   1.38772e-06    1.3095e-06   1.24658e-06   1.09677e-06   9.80505e-07   8.20972e-07   7.24154e-07   6.58004e-07   5.66853e-07   5.02592e-07   3.82186e-07   3.67139e-07   2.71844e-07    2.3721e-07   2.09355e-07   2.00193e-07   1.73144e-07   1.44033e-07   1.19911e-07   8.87078e-08   6.40502e-08   7.48944e-08   4.39101e-08  -6.94704e-09   5.72597e-08   1.16096e-08
 8.31006e-07   8.06411e-07   9.01302e-07   9.79422e-07   9.68059e-07   1.04257e-06   1.07233e-06   1.20077e-06   1.27684e-06   1.27955e-06   1.23764e-06   1.29483e-06   1.35076e-06   1.38772e-06   1.43045e-06   1.27017e-06   1.19179e-06   1.05372e-06   9.46058e-07   7.83773e-07   6.75582e-07   6.06117e-07    5.3526e-07   4.76445e-07   3.48902e-07   3.32677e-07   2.44669e-07   2.12801e-07   1.94291e-07   1.92787e-07    1.5617e-07   1.33119e-07   1.11072e-07   1.14177e-07   1.04889e-07   8.88613e-08   6.11372e-08   1.25601e-08   7.57119e-08   2.95042e-08
 6.85419e-07   6.75829e-07   8.23796e-07   8.80012e-07   9.13461e-07   1.00486e-06   9.99721e-07    1.0818e-06   1.19518e-06   1.19827e-06   1.18849e-06   1.21784e-06   1.28175e-06    1.3095e-06   1.27017e-06   1.46065e-06   1.26695e-06   1.14265e-06   1.04267e-06   8.66397e-07   7.43262e-07    6.8522e-07   6.08667e-07   5.36594e-07   4.48773e-07   4.24092e-07   3.00372e-07   2.57757e-07   2.47668e-07   2.34938e-07   2.05033e-07   1.63277e-07   1.52006e-07   1.42766e-07   1.11326e-07   9.55908e-08   7.08281e-08   3.46808e-08    7.4737e-08   3.58015e-08
 7.66249e-07   7.37424e-07     8.668e-07   9.15544e-07   9.60516e-07   9.96067e-07   1.00949e-06   1.10516e-06   1.14556e-06   1.12739e-06   1.10235e-06   1.15564e-06   1.20843e-06   1.24658e-06   1.19179e-06   1.26695e-06   1.36479e-06    1.1523e-06    1.0473e-06   8.85609e-07   7.91516e-07   6.96928e-07   6.24907e-07   5.44243e-07   4.32754e-07     4.254e-07   3.08035e-07   2.62649e-07   2.52227e-07   2.41835e-07   1.97833e-07   1.41882e-07   1.29399e-07   1.19507e-07   7.78078e-08   6.53658e-08    3.6392e-08   6.73582e-09   4.04349e-08   1.24443e-08
 6.23364e-07   5.97689e-07   7.34298e-07   7.46014e-07   8.06686e-07   8.43305e-07   8.32574e-07   8.94133e-07   9.56247e-07   9.52314e-07     9.571e-07   9.94149e-07   1.07389e-06   1.09677e-06   1.05372e-06   1.14265e-06    1.1523e-06   1.21993e-06   1.04114e-06   9.29614e-07   8.40523e-07   7.41263e-07   6.73277e-07   5.73922e-07   4.74325e-07   4.57465e-07   3.59094e-07   3.06121e-07   2.83357e-07   2.68765e-07   2.28375e-07    1.8515e-07   1.62131e-07   1.51751e-07   1.32141e-07   1.07194e-07   6.67214e-08   3.27211e-08   8.09283e-08   6.07631e-08
 5.98745e-07   5.44656e-07   6.66712e-07     6.965e-07   7.27357e-07   7.60743e-07   7.42454e-07   8.36664e-07   8.87042e-07   8.81116e-07   8.74872e-07    8.8961e-07   9.43086e-07   9.80505e-07   9.46058e-07   1.04267e-06    1.0473e-06   1.04114e-06     1.113e-06    9.1007e-07   8.24436e-07   7.28816e-07    6.3992e-07   5.48324e-07   4.60237e-07   4.36874e-07   3.44434e-07   3.00761e-07   2.84338e-07   2.42456e-07    2.0207e-07   1.61372e-07   1.34988e-07    1.4214e-07   1.14062e-07   9.54642e-08   6.71654e-08   1.76763e-08   5.42788e-08     3.696e-08
 4.66103e-07    4.4923e-07   5.79292e-07   5.76661e-07   6.42552e-07   6.26649e-07   6.64736e-07    7.1998e-07   7.68242e-07   7.62696e-07   7.46036e-07   7.61917e-07   7.74823e-07   8.20972e-07   7.83773e-07   8.66397e-07   8.85609e-07   9.29614e-07    9.1007e-07   1.03612e-06   8.56152e-07   7.58325e-07   6.78033e-07   5.73233e-07   5.11099e-07    4.7318e-07   4.08136e-07   3.62525e-07   3.39779e-07   3.02526e-07   2.63586e-07   2.18812e-07   1.77387e-07   1.61506e-07   1.13629e-07   9.41854e-08    7.8927e-08   3.80357e-08   7.02394e-08   4.48116e-08
 4.32584e-07   3.93051e-07   4.44621e-07   4.76607e-07   5.06787e-07   4.85805e-07   5.01778e-07   5.80566e-07   6.18807e-07   6.09759e-07   6.14853e-07   6.38813e-07   6.88678e-07   7.24154e-07   6.75582e-07   7.43262e-07   7.91516e-07   8.40523e-07   8.24436e-07   8.56152e-07     9.424e-07   7.92895e-07   7.23049e-07   6.34788e-07   5.52825e-07   5.07424e-07   4.24616e-07   3.61513e-07   3.54523e-07   3.16462e-07   2.81551e-07   2.35205e-07   1.82237e-07   1.69795e-07   1.26505e-07   1.17663e-07   1.02242e-07   6.48345e-08    8.7761e-08   5.43741e-08
 4.67974e-07     4.755e-07   5.14761e-07   5.04636e-07    5.4897e-07   5.36236e-07   5.07908e-07   5.43756e-07   6.08733e-07   5.70694e-07   5.74914e-07   5.89498e-07   6.22705e-07   6.58004e-07   6.06117e-07    6.8522e-07   6.96928e-07   7.41263e-07   7.28816e-07   7.58325e-07   7.92895e-07   8.63987e-07   7.16138e-07   6.42368e-07   5.83786e-07   5.12984e-07   4.36263e-07   3.53557e-07   3.40502e-07   3.20049e-07   2.98352e-07   2.54455e-07   1.91793e-07    1.9356e-07   1.51782e-07   1.27169e-07   1.28624e-07   9.07677e-08   1.10273e-07   7.19495e-08
 4.74915e-07   4.39019e-07   4.81632e-07   4.56812e-07   5.10823e-07   4.84349e-07   4.61365e-07   4.87077e-07   5.38231e-07   5.24459e-07   5.28523e-07   5.33492e-07   5.61461e-07   5.66853e-07    5.3526e-07   6.08667e-07   6.24907e-07   6.73277e-07    6.3992e-07   6.78033e-07   7.23049e-07   7.16138e-07   7.90992e-07   6.83025e-07   6.23961e-07   5.75627e-07   4.77467e-07   3.98859e-07    3.8328e-07   3.46298e-07   3.10195e-07   2.71499e-07    2.2679e-07   2.10641e-07   1.82801e-07   1.55994e-07   1.47282e-07   1.18407e-07   1.48274e-07   9.47434e-08
 4.03939e-07   3.47593e-07   4.15946e-07   3.86184e-07   4.04241e-07   4.39906e-07   3.67581e-07    4.0009e-07   4.52275e-07   4.47184e-07   4.57642e-07   4.72698e-07   5.18668e-07   5.02592e-07   4.76445e-07   5.36594e-07   5.44243e-07   5.73922e-07   5.48324e-07   5.73233e-07   6.34788e-07   6.42368e-07   6.83025e-07   7.53548e-07   6.47837e-07   6.00066e-07   5.19338e-07   4.28798e-07   3.79754e-07   3.60922e-07   3.17078e-07   2.81851e-07   2.34787e-07   2.22269e-07    1.8062e-07   1.70692e-07   1.65249e-07   1.39156e-07   1.60259e-07   9.96999e-08
 2.94612e-07   2.30368e-07   2.50925e-07   2.37048e-07   2.44391e-07   3.24677e-07   2.37351e-07   2.81478e-07   3.49558e-07    3.6107e-07   3.76936e-07   3.75846e-07    3.9046e-07   3.82186e-07   3.48902e-07   4.48773e-07   4.32754e-07   4.74325e-07   4.60237e-07   5.11099e-07   5.52825e-07   5.83786e-07   6.23961e-07   6.47837e-07   7.31463e-07   6.32523e-07   5.68688e-07   4.61071e-07   4.31242e-07   3.96451e-07   3.56327e-07   3.16267e-07   2.64919e-07   2.40119e-07    2.0343e-07   1.78185e-07   1.87205e-07   1.51799e-07   1.68754e-07   1.13509e-07
 3.32578e-07    2.6705e-07   2.88742e-07   2.77092e-07   3.01511e-07   3.60877e-07   2.69796e-07   2.84012e-07   3.39297e-07   3.61577e-07   3.71064e-07   3.60724e-07   3.62197e-07   3.67139e-07   3.32677e-07   4.24092e-07     4.254e-07   4.57465e-07   4.36874e-07    4.7318e-07   5.07424e-07   5.12984e-07   5.75627e-07   6.00066e-07   6.32523e-07    7.2083e-07   6.02122e-07   5.15917e-07   4.72269e-07   4.54788e-07   4.12363e-07   3.52883e-07   3.14206e-07    2.8055e-07   2.44326e-07   2.18371e-07   2.24685e-07   1.93427e-07   1.99305e-07   1.40677e-07
 1.33105e-07   9.48985e-08   8.00733e-08   7.16654e-08   8.48361e-08    1.4413e-07   7.70548e-08   1.34282e-07    1.9938e-07   2.29294e-07   2.48636e-07   2.58031e-07    2.7036e-07   2.71844e-07   2.44669e-07   3.00372e-07   3.08035e-07   3.59094e-07   3.44434e-07   4.08136e-07   4.24616e-07   4.36263e-07   4.77467e-07   5.19338e-07   5.68688e-07   6.02122e-07   6.83577e-07   5.55162e-07    5.0988e-07   4.75318e-07   4.26652e-07   3.72494e-07   3.20154e-07   2.91675e-07   2.58819e-07   2.24892e-07   2.38787e-07   1.94034e-07   1.98272e-07   1.52858e-07
 1.43905e-07   7.68314e-08   5.72018e-08   5.25126e-08   7.89023e-08   1.39218e-07   7.94799e-08   1.27856e-07   2.04961e-07   2.17104e-07   2.42809e-07   2.29771e-07   2.35758e-07    2.3721e-07   2.12801e-07   2.57757e-07   2.62649e-07   3.06121e-07   3.00761e-07   3.62525e-07   3.61513e-07   3.53557e-07   3.98859e-07   4.28798e-07   4.61071e-07   5.15917e-07   5.55162e-07   6.11559e-07   5.31458e-07   4.96069e-07   4.48301e-07   3.94748e-07   3.54618e-07   3.26366e-07   2.81791e-07   2.54055e-07   2.63615e-07   2.14523e-07   2.11503e-07   1.62402e-07
 1.48768e-07   9.48452e-08   4.43176e-08   2.67047e-08   7.12152e-08   9.71102e-08   4.61976e-08   1.01551e-07   1.64268e-07   1.63779e-07   2.10994e-07   1.99624e-07   2.23931e-07   2.09355e-07   1.94291e-07   2.47668e-07   2.52227e-07   2.83357e-07   2.84338e-07   3.39779e-07   3.54523e-07   3.40502e-07    3.8328e-07   3.79754e-07   4.31242e-07   4.72269e-07    5.0988e-07   5.31458e-07    6.0681e-07   5.25644e-07   4.85102e-07   4.28168e-07   3.88303e-07    3.4528e-07   2.97312e-07   2.65692e-07   2.74162e-07   2.39507e-07   2.16521e-07   1.73454e-07
 7.41329e-08   4.64735e-08    2.9215e-08   2.51881e-09   5.83344e-08   7.14696e-08   1.50952e-08   6.21721e-08   1.28842e-07    1.4144e-07   1.83489e-07    1.6662e-07   2.01261e-07   2.00193e-07   1.92787e-07   2.34938e-07   2.41835e-07   2.68765e-07   2.42456e-07   3.02526e-07   3.16462e-07   3.20049e-07   3.46298e-07   3.60922e-07   3.96451e-07   4.54788e-07   4.75318e-07   4.96069e-07   5.25644e-07   5.99937e-07   5.02912e-07   4.60299e-07   4.12515e-07   3.77584e-07   3.26805e-07   2.99895e-07   3.07261e-07   2.58245e-07   2.44159e-07   1.81927e-07
 5.26715e-08   5.51904e-08   2.06699e-08  -4.47389e-10   5.23584e-08   8.59896e-08    3.6815e-10   6.89701e-08   1.13989e-07   1.36064e-07   1.53507e-07    1.6115e-07   1.49309e-07   1.73144e-07    1.5617e-07   2.05033e-07   1.97833e-07   2.28375e-07    2.0207e-07   2.63586e-07   2.81551e-07   2.98352e-07   3.10195e-07   3.17078e-07   3.56327e-07   4.12363e-07   4.26652e-07   4.48301e-07   4.85102e-07   5.02912e-07    5.7888e-07   4.99127e-07   4.51874e-07   4.04569e-07   3.60272e-07   3.22447e-07   3.29663e-07   2.72804e-07   2.43123e-07   1.82831e-07
  6.0627e-09  -2.01418e-08  -1.72197e-08  -1.66474e-08   3.67443e-08   8.04475e-08  -7.60073e-09   5.89103e-08   8.12727e-08     1.226e-07   1.37749e-07    1.2274e-07   1.27977e-07   1.44033e-07   1.33119e-07   1.63277e-07   1.41882e-07    1.8515e-07   1.61372e-07   2.18812e-07   2.35205e-07   2.54455e-07   2.71499e-07   2.81851e-07   3.16267e-07   3.52883e-07   3.72494e-07   3.94748e-07   4.28168e-07   4.60299e-07   4.99127e-07    5.6988e-07   4.82874e-07    4.2706e-07   3.99041e-07   3.51516e-07   3.45242e-07   2.83856e-07   2.60921e-07    2.0488e-07
 6.54718e-08   3.27248e-08   2.30683e-08   6.16163e-09   3.33078e-08   6.57204e-08  -7.03264e-09   4.37796e-08   8.47041e-08   9.19357e-08   1.21938e-07   9.86728e-08   1.09586e-07   1.19911e-07   1.11072e-07   1.52006e-07   1.29399e-07   1.62131e-07   1.34988e-07   1.77387e-07   1.82237e-07   1.91793e-07    2.2679e-07   2.34787e-07   2.64919e-07   3.14206e-07   3.20154e-07   3.54618e-07   3.88303e-07   4.12515e-07   4.51874e-07   4.82874e-07   5.34381e-07   4.43159e-07   4.17645e-07   3.89376e-07   3.68691e-07   3.26921e-07   2.96923e-07   2.28487e-07
 6.95854e-08   1.21911e-08    7.8521e-09  -2.35551e-08   1.40398e-08   5.30914e-08  -1.97521e-08   3.53751e-08   6.01258e-08   7.40435e-08   9.38946e-08   7.68017e-08   8.43382e-08   8.87078e-08   1.14177e-07   1.42766e-07   1.19507e-07   1.51751e-07    1.4214e-07   1.61506e-07   1.69795e-07    1.9356e-07   2.10641e-07   2.22269e-07   2.40119e-07    2.8055e-07   2.91675e-07   3.26366e-07    3.4528e-07   3.77584e-07   4.04569e-07    4.2706e-07   4.43159e-07   4.86073e-07    4.3893e-07   4.08474e-07   4.00205e-07   3.44653e-07   3.26921e-07   2.52982e-07
 5.39016e-09  -2.25298e-08  -1.84719e-08  -4.06722e-08  -1.06493e-08   7.19728e-08   -3.6618e-08   4.72507e-08   4.98075e-08   7.35748e-08   8.24632e-08    4.8143e-08   7.64474e-08   6.40502e-08   1.04889e-07   1.11326e-07   7.78078e-08   1.32141e-07   1.14062e-07   1.13629e-07   1.26505e-07   1.51782e-07   1.82801e-07    1.8062e-07    2.0343e-07   2.44326e-07   2.58819e-07   2.81791e-07   2.97312e-07   3.26805e-07   3.60272e-07   3.99041e-07   4.17645e-07    4.3893e-07   5.15816e-07   4.42772e-07   4.33996e-07   3.78788e-07   3.58543e-07   2.88428e-07
 4.51216e-08   1.54039e-08   7.82867e-09  -2.50799e-08   1.75736e-09   7.18292e-08  -1.34561e-08   4.02725e-08   5.53381e-08   8.79134e-08   9.11741e-08   6.19389e-08   8.08297e-08   7.48944e-08   8.88613e-08   9.55908e-08   6.53658e-08   1.07194e-07   9.54642e-08   9.41854e-08   1.17663e-07   1.27169e-07   1.55994e-07   1.70692e-07   1.78185e-07   2.18371e-07   2.24892e-07   2.54055e-07   2.65692e-07   2.99895e-07   3.22447e-07   3.51516e-07   3.89376e-07   4.08474e-07   4.42772e-07   4.86315e-07   4.38585e-07   3.92395e-07   3.60113e-07   2.92404e-07
-3.99135e-08  -7.29852e-08   -1.0742e-07  -1.03416e-07  -9.97209e-08  -3.85301e-08  -9.29078e-08  -2.43755e-08   7.17247e-09   1.34191e-08   2.35115e-08   3.62713e-09   2.38853e-08   4.39101e-08   6.11372e-08   7.08281e-08    3.6392e-08   6.67214e-08   6.71654e-08    7.8927e-08   1.02242e-07   1.28624e-07   1.47282e-07   1.65249e-07   1.87205e-07   2.24685e-07   2.38787e-07   2.63615e-07   2.74162e-07   3.07261e-07   3.29663e-07   3.45242e-07   3.68691e-07   4.00205e-07   4.33996e-07   4.38585e-07   5.15658e-07   4.37465e-07   4.14764e-07   3.37466e-07
  2.7772e-08  -1.72989e-08  -4.35317e-08  -6.36696e-08  -6.01022e-08   6.29336e-10  -5.39269e-08   -4.0464e-08  -2.26874e-08  -1.81639e-08  -9.34333e-09  -2.60889e-08  -6.88695e-09  -6.94704e-09   1.25601e-08   3.46808e-08   6.73582e-09   3.27211e-08   1.76763e-08   3.80357e-08   6.48345e-08   9.07677e-08   1.18407e-07   1.39156e-07   1.51799e-07   1.93427e-07   1.94034e-07   2.14523e-07   2.39507e-07   2.58245e-07   2.72804e-07   2.83856e-07   3.26921e-07   3.44653e-07   3.78788e-07   3.92395e-07   4.37465e-07   4.81693e-07   4.22567e-07   3.64555e-07
  6.5629e-08   6.37313e-10  -6.64424e-11  -2.00549e-08   -1.2516e-08   4.74541e-08   2.09036e-08   3.51013e-08   6.38829e-08   7.41873e-08   6.30223e-08    4.6445e-08   4.70234e-08   5.72597e-08   7.57119e-08    7.4737e-08   4.04349e-08   8.09283e-08   5.42788e-08   7.02394e-08    8.7761e-08   1.10273e-07   1.48274e-07   1.60259e-07   1.68754e-07   1.99305e-07   1.98272e-07   2.11503e-07   2.16521e-07   2.44159e-07   2.43123e-07   2.60921e-07   2.96923e-07   3.26921e-07   3.58543e-07   3.60113e-07   4.14764e-07   4.22567e-07   4.88511e-07   3.98394e-07
 4.42503e-08  -1.63951e-09  -7.67926e-11  -5.33425e-08  -4.68545e-08    1.2983e-08  -1.65711e-08  -1.17248e-08   2.43911e-08   1.00175e-08   1.07262e-08   7.02836e-09   5.87463e-09   1.16096e-08   2.95042e-08   3.58015e-08   1.24443e-08   6.07631e-08     3.696e-08   4.48116e-08   5.43741e-08   7.19495e-08   9.47434e-08   9.96999e-08   1.13509e-07   1.40677e-07   1.52858e-07   1.62402e-07   1.73454e-07   1.81927e-07   1.82831e-07    2.0488e-07   2.28487e-07   2.52982e-07   2.88428e-07   2.92404e-07   3.37466e-07   3.64555e-07   3.98394e-07   4.24063e-07
