 1.87088e-05   1.46413e-05    1.2524e-05   9.67036e-06   7.86721e-06   6.69678e-06   5.95975e-06   5.36466e-06   4.77438e-06   3.84236e-06   3.33486e-06   2.53674e-06   2.03251e-06   2.20592e-06   1.81761e-06   1.71683e-06   1.44567e-06   1.37391e-06   1.06675e-06   9.40187e-07   7.11509e-07   4.33123e-07   2.37223e-07    1.3293e-07   8.22937e-08   1.55379e-08   1.82856e-08  -6.97187e-08  -2.32352e-08  -2.17833e-07  -2.22974e-07  -1.10906e-07  -1.02121e-07   1.58079e-07    1.4037e-07   1.06159e-07   1.20851e-07   4.31981e-08  -1.67192e-07  -1.56588e-07  -1.16518e-07  -9.69538e-08  -5.32976e-08
 1.46413e-05   1.40161e-05   1.18856e-05   9.51035e-06   7.73035e-06   6.63287e-06   6.01383e-06    5.5273e-06   4.93078e-06   3.95568e-06   3.44075e-06   2.74609e-06   2.22892e-06   2.33532e-06    1.9047e-06   1.81404e-06   1.56083e-06   1.50314e-06   1.07183e-06    1.0548e-06   8.64725e-07   5.49101e-07   3.52519e-07   2.57137e-07   2.24994e-07   1.82713e-07   1.20923e-07   5.26508e-08   1.29091e-07  -9.07043e-08  -1.50001e-07   -2.8802e-08  -4.49075e-08   1.20738e-07    1.1508e-07   9.50722e-08   5.95801e-08   9.45905e-09   -1.1908e-07  -1.30515e-07  -1.31324e-07  -1.22198e-07  -8.51775e-09
  1.2524e-05   1.18856e-05    1.2288e-05   9.75167e-06   8.22759e-06   7.14809e-06   6.34778e-06   5.87401e-06   5.24491e-06   4.26862e-06   3.66358e-06   2.99299e-06   2.56488e-06   2.65984e-06   2.20903e-06   2.14173e-06   1.87682e-06   1.68985e-06   1.22704e-06   1.05983e-06   9.32748e-07   6.38955e-07   4.47528e-07   3.61722e-07   2.68773e-07   9.37449e-08    8.6388e-08   2.20087e-08   7.12054e-08  -1.26609e-07  -1.73618e-07   -1.5851e-07  -1.63398e-07  -4.85847e-08  -1.02733e-08   1.04481e-08   2.29515e-08   7.28296e-09   -1.0384e-07  -1.91664e-07   -2.0343e-07  -1.82734e-07  -6.39721e-08
 9.67036e-06   9.51035e-06   9.75167e-06   9.29567e-06   7.62404e-06   6.49993e-06   5.90497e-06   5.40223e-06   4.76692e-06   3.83946e-06   3.28897e-06   2.78225e-06   2.35009e-06   2.37232e-06   1.93981e-06    1.9172e-06   1.68585e-06    1.4894e-06   1.14757e-06   9.89788e-07   8.75179e-07   6.91836e-07   4.62742e-07   3.54345e-07   2.65325e-07   1.28125e-07   1.07136e-07   6.16444e-08   6.29142e-08  -9.97683e-08  -1.36277e-07  -1.36447e-07  -1.43198e-07  -3.13249e-08   5.61191e-09  -5.28934e-08   -1.9291e-08  -3.37291e-08  -1.04368e-07   -1.4167e-07  -2.23362e-07  -1.69948e-07  -6.36534e-08
 7.86721e-06   7.73035e-06   8.22759e-06   7.62404e-06   7.66309e-06   6.61049e-06   5.99581e-06   5.57634e-06   4.97351e-06   4.16432e-06   3.54792e-06    3.0256e-06   2.50972e-06   2.42973e-06   2.03377e-06   1.94316e-06   1.61909e-06    1.4057e-06   1.07677e-06   9.30053e-07   7.71792e-07   6.08681e-07   4.69298e-07     3.747e-07   3.31396e-07   1.70782e-07   1.27423e-07   1.04777e-07   1.00669e-07  -1.80953e-08  -4.18107e-08  -7.08756e-08  -8.10679e-08  -2.43898e-09  -5.19697e-09  -3.60194e-08  -1.75819e-08  -3.51804e-08  -8.55745e-08  -1.65842e-07  -2.01561e-07  -1.69309e-07  -7.16148e-08
 6.69678e-06   6.63287e-06   7.14809e-06   6.49993e-06   6.61049e-06   6.85917e-06   6.11969e-06   5.67903e-06   5.04624e-06   4.15961e-06   3.65144e-06   3.04995e-06   2.60875e-06   2.47227e-06   2.15341e-06   1.97539e-06     1.668e-06   1.39498e-06    1.1157e-06   9.47468e-07   7.75185e-07   6.23272e-07   5.08002e-07   4.17885e-07   3.55696e-07   2.37955e-07   1.60783e-07   1.20757e-07   1.18835e-07    6.5731e-08   3.50285e-08   4.23226e-08  -2.13339e-08   4.99175e-08   4.24712e-08   3.56941e-08   2.23847e-10  -1.75128e-08  -7.60884e-08  -1.67722e-07  -1.70758e-07  -1.44362e-07  -4.71387e-08
 5.95975e-06   6.01383e-06   6.34778e-06   5.90497e-06   5.99581e-06   6.11969e-06   6.48558e-06   5.86397e-06    5.1956e-06   4.33993e-06   3.81946e-06   3.14143e-06   2.72005e-06   2.52857e-06   2.23726e-06   2.02822e-06   1.76792e-06   1.48007e-06   1.25225e-06   1.03466e-06   8.34612e-07   6.95097e-07    5.7332e-07   4.72798e-07   4.25336e-07   3.31251e-07   2.38092e-07   1.51889e-07   1.34782e-07   6.19898e-08   1.32411e-08   3.30792e-10  -5.67207e-08   4.21832e-08   3.41324e-08   3.36997e-08   8.67562e-09  -2.29468e-08  -8.99057e-08   -1.6381e-07  -1.62035e-07  -1.30833e-07  -2.56278e-08
 5.36466e-06    5.5273e-06   5.87401e-06   5.40223e-06   5.57634e-06   5.67903e-06   5.86397e-06   6.13877e-06   5.34308e-06   4.56025e-06   4.04547e-06   3.38433e-06   2.85895e-06   2.66149e-06   2.29153e-06   2.10568e-06    1.8044e-06   1.57201e-06   1.32361e-06   1.09283e-06   8.55954e-07   7.37055e-07   6.28322e-07   5.16762e-07   4.22322e-07    3.1556e-07   1.81285e-07   1.01672e-07   9.77091e-08  -3.91793e-09  -3.15944e-09   7.45273e-09  -7.27182e-08   2.81202e-09  -4.90206e-09  -1.88988e-08  -2.14491e-08  -4.88638e-08  -6.50069e-08  -1.39075e-07  -1.11034e-07  -9.71896e-08   9.60883e-09
 4.77438e-06   4.93078e-06   5.24491e-06   4.76692e-06   4.97351e-06   5.04624e-06    5.1956e-06   5.34308e-06   5.52309e-06   4.64868e-06   4.11747e-06   3.48389e-06    2.9938e-06   2.79369e-06   2.41527e-06   2.16127e-06   1.87288e-06   1.61284e-06   1.40555e-06   1.16979e-06   9.54259e-07   7.90952e-07   6.64079e-07   5.35639e-07   4.47568e-07    3.0725e-07   2.01888e-07   1.26561e-07   1.47345e-07   6.37937e-08   2.42345e-08   4.33743e-08   -3.1939e-08   1.41006e-08    2.1426e-09  -1.53121e-08  -1.98097e-08  -4.68445e-08  -6.79691e-08  -1.39272e-07   -1.2914e-07  -1.11609e-07   1.56174e-08
 3.84236e-06   3.95568e-06   4.26862e-06   3.83946e-06   4.16432e-06   4.15961e-06   4.33993e-06   4.56025e-06   4.64868e-06   4.56964e-06   3.96979e-06   3.46506e-06   3.01798e-06    2.7371e-06   2.36795e-06   2.11796e-06   1.87077e-06   1.67311e-06   1.48234e-06   1.28461e-06   1.06785e-06   8.77455e-07   7.97869e-07   6.69823e-07   5.09704e-07   3.73001e-07   2.91028e-07   1.98804e-07   2.15681e-07   1.34832e-07    9.0867e-08    7.9745e-08   2.87058e-08   5.97573e-08   3.24052e-08   1.76336e-08  -6.71653e-09  -1.24803e-08  -9.95538e-09  -8.84069e-08  -7.63933e-08  -7.64012e-08   2.99311e-08
 3.33486e-06   3.44075e-06   3.66358e-06   3.28897e-06   3.54792e-06   3.65144e-06   3.81946e-06   4.04547e-06   4.11747e-06   3.96979e-06    4.1051e-06   3.52088e-06   3.08283e-06   2.80246e-06   2.43213e-06   2.18373e-06   1.92543e-06   1.66249e-06   1.45799e-06   1.25361e-06   1.01975e-06   8.20042e-07    7.1635e-07   5.87416e-07   4.31939e-07    3.3433e-07   2.32972e-07   1.48632e-07   1.60219e-07   6.09071e-08   3.34487e-08   4.26674e-08   -2.0961e-08   3.25151e-08    2.8619e-08   1.92985e-08  -1.85938e-08  -5.15462e-08  -8.15349e-08  -1.18076e-07  -1.09404e-07  -1.19382e-07  -3.49676e-08
 2.53674e-06   2.74609e-06   2.99299e-06   2.78225e-06    3.0256e-06   3.04995e-06   3.14143e-06   3.38433e-06   3.48389e-06   3.46506e-06   3.52088e-06   3.62491e-06   3.14342e-06   2.87385e-06   2.46392e-06   2.23908e-06   1.99251e-06   1.69021e-06   1.42955e-06   1.20089e-06   9.94194e-07   8.31457e-07   7.22381e-07   5.98342e-07   4.06342e-07   2.93857e-07   2.33517e-07   1.44745e-07   1.26437e-07   6.08274e-08   6.12025e-08   4.92524e-08  -6.46058e-09   3.59463e-08   4.04484e-08   2.64208e-08   2.10132e-08  -2.88612e-09  -3.32438e-08  -7.63417e-08  -9.78889e-08  -9.96385e-08  -3.76572e-08
 2.03251e-06   2.22892e-06   2.56488e-06   2.35009e-06   2.50972e-06   2.60875e-06   2.72005e-06   2.85895e-06    2.9938e-06   3.01798e-06   3.08283e-06   3.14342e-06   3.28451e-06    2.9463e-06    2.5918e-06   2.37411e-06   2.12172e-06   1.83112e-06   1.53992e-06    1.2887e-06   1.09206e-06   8.90979e-07   7.76139e-07   6.35804e-07    4.9472e-07   3.36373e-07   3.00214e-07   2.27439e-07   2.08013e-07   1.23206e-07   9.91079e-08   6.42249e-08   4.89633e-09   5.92854e-08   8.47704e-08   9.85496e-08   5.79522e-08   1.85592e-08  -3.45707e-08  -6.48089e-08  -8.20202e-08   -9.5437e-08  -4.35371e-08
 2.20592e-06   2.33532e-06   2.65984e-06   2.37232e-06   2.42973e-06   2.47227e-06   2.52857e-06   2.66149e-06   2.79369e-06    2.7371e-06   2.80246e-06   2.87385e-06    2.9463e-06   3.09115e-06   2.69768e-06   2.49147e-06   2.25684e-06   1.98801e-06   1.65429e-06   1.38278e-06   1.17552e-06   9.46739e-07   8.29901e-07   6.83845e-07   5.62284e-07   3.88973e-07    3.6249e-07    2.9043e-07   2.59496e-07   1.73585e-07   1.35668e-07      7.96e-08   3.17108e-08   4.90258e-08   5.15003e-08   3.97685e-08   2.32097e-08  -1.79874e-08  -8.58685e-08  -1.00535e-07  -1.19847e-07  -1.36355e-07  -9.50283e-08
 1.81761e-06    1.9047e-06   2.20903e-06   1.93981e-06   2.03377e-06   2.15341e-06   2.23726e-06   2.29153e-06   2.41527e-06   2.36795e-06   2.43213e-06   2.46392e-06    2.5918e-06   2.69768e-06   2.75922e-06   2.47968e-06   2.28439e-06   2.01117e-06   1.67248e-06   1.37802e-06   1.22873e-06   9.84346e-07   8.55904e-07   7.03394e-07   5.81916e-07   4.38888e-07   4.21815e-07   3.28805e-07   2.75623e-07   2.26699e-07   1.49414e-07   6.86297e-08   3.49171e-08   5.44143e-08   5.00404e-08   4.62679e-08   1.62582e-08  -1.51383e-08  -8.15141e-08  -7.59516e-08  -1.02058e-07  -1.14457e-07  -8.59497e-08
 1.71683e-06   1.81404e-06   2.14173e-06    1.9172e-06   1.94316e-06   1.97539e-06   2.02822e-06   2.10568e-06   2.16127e-06   2.11796e-06   2.18373e-06   2.23908e-06   2.37411e-06   2.49147e-06   2.47968e-06   2.55006e-06   2.30906e-06    2.0267e-06   1.67851e-06   1.39691e-06   1.25074e-06    1.0101e-06   8.87259e-07   7.06489e-07    5.9885e-07    4.3209e-07    4.0319e-07   3.18714e-07    2.5956e-07   2.01486e-07   1.59255e-07   5.76909e-08   3.63391e-08   5.24877e-08   5.47577e-08   5.03236e-08   3.31272e-08   6.51463e-09  -5.84736e-08  -5.68301e-08  -8.31027e-08  -1.01752e-07  -8.15888e-08
 1.44567e-06   1.56083e-06   1.87682e-06   1.68585e-06   1.61909e-06     1.668e-06   1.76792e-06    1.8044e-06   1.87288e-06   1.87077e-06   1.92543e-06   1.99251e-06   2.12172e-06   2.25684e-06   2.28439e-06   2.30906e-06   2.46566e-06   2.15266e-06    1.8066e-06   1.47368e-06   1.31267e-06   1.09847e-06   9.65975e-07   7.60575e-07   6.30283e-07   4.59072e-07     4.257e-07   3.50724e-07   2.68949e-07   2.19983e-07   1.70527e-07   6.98697e-08   4.80143e-08   5.16141e-08   5.93011e-08   2.44887e-08   2.30348e-08    2.0707e-08   -3.3115e-08  -2.74565e-08  -5.58493e-08  -7.62418e-08  -6.53645e-08
 1.37391e-06   1.50314e-06   1.68985e-06    1.4894e-06    1.4057e-06   1.39498e-06   1.48007e-06   1.57201e-06   1.61284e-06   1.67311e-06   1.66249e-06   1.69021e-06   1.83112e-06   1.98801e-06   2.01117e-06    2.0267e-06   2.15266e-06   2.20949e-06   1.85014e-06    1.5481e-06   1.37902e-06    1.1256e-06   9.90961e-07   8.04293e-07    6.5822e-07   4.99752e-07    4.5123e-07   4.03712e-07   3.41846e-07   2.61009e-07   2.14211e-07   9.16934e-08   8.47431e-08   7.21725e-08   8.45404e-08   6.09315e-08   5.13851e-08   4.50257e-08   8.66576e-09   2.70163e-08  -1.44508e-08  -2.28674e-08   -2.2378e-08
 1.06675e-06   1.07183e-06   1.22704e-06   1.14757e-06   1.07677e-06    1.1157e-06   1.25225e-06   1.32361e-06   1.40555e-06   1.48234e-06   1.45799e-06   1.42955e-06   1.53992e-06   1.65429e-06   1.67248e-06   1.67851e-06    1.8066e-06   1.85014e-06   1.80464e-06   1.49362e-06   1.31953e-06   1.11758e-06   9.92424e-07   7.89413e-07   6.71742e-07   5.21199e-07   4.40662e-07   3.70345e-07   3.08091e-07   2.49615e-07   2.26728e-07   1.08809e-07   1.14477e-07   9.80292e-08   1.10431e-07   7.17319e-08   7.10242e-08   5.24586e-08   7.06199e-09   3.28275e-08  -8.45173e-09  -1.13135e-08  -1.60784e-08
 9.40187e-07    1.0548e-06   1.05983e-06   9.89788e-07   9.30053e-07   9.47468e-07   1.03466e-06   1.09283e-06   1.16979e-06   1.28461e-06   1.25361e-06   1.20089e-06    1.2887e-06   1.38278e-06   1.37802e-06   1.39691e-06   1.47368e-06    1.5481e-06   1.49362e-06   1.59906e-06   1.40649e-06   1.18994e-06   1.05953e-06    8.8123e-07   7.53536e-07   6.01621e-07   4.87198e-07   4.24544e-07   3.64268e-07   2.74233e-07   2.26747e-07   1.22402e-07   1.17877e-07   1.04045e-07   1.14975e-07   4.69859e-08   4.06117e-08    1.3342e-08  -2.58441e-08   1.46921e-08  -2.36341e-08  -3.77706e-08  -3.63138e-08
 7.11509e-07   8.64725e-07   9.32748e-07   8.75179e-07   7.71792e-07   7.75185e-07   8.34612e-07   8.55954e-07   9.54259e-07   1.06785e-06   1.01975e-06   9.94194e-07   1.09206e-06   1.17552e-06   1.22873e-06   1.25074e-06   1.31267e-06   1.37902e-06   1.31953e-06   1.40649e-06   1.50685e-06   1.27896e-06   1.12762e-06   9.42741e-07   8.29271e-07   6.81472e-07   5.64801e-07   4.91937e-07   4.29904e-07   3.44094e-07   2.79726e-07   1.73413e-07   1.46682e-07   1.20762e-07   1.26312e-07   5.49379e-08     3.757e-08   2.67453e-08  -1.80308e-08   1.50989e-08  -3.06033e-08  -2.86653e-08  -3.42211e-08
 4.33123e-07   5.49101e-07   6.38955e-07   6.91836e-07   6.08681e-07   6.23272e-07   6.95097e-07   7.37055e-07   7.90952e-07   8.77455e-07   8.20042e-07   8.31457e-07   8.90979e-07   9.46739e-07   9.84346e-07    1.0101e-06   1.09847e-06    1.1256e-06   1.11758e-06   1.18994e-06   1.27896e-06   1.32423e-06   1.13191e-06   9.54169e-07   8.37963e-07   7.22158e-07   5.82234e-07   5.04452e-07   4.31599e-07   3.39132e-07    3.0369e-07   1.83929e-07   1.65761e-07   1.41984e-07   1.34754e-07   6.84755e-08   4.69122e-08   2.55171e-08  -2.42662e-08  -6.90302e-09  -4.82522e-08  -2.83398e-08  -4.82468e-08
 2.37223e-07   3.52519e-07   4.47528e-07   4.62742e-07   4.69298e-07   5.08002e-07    5.7332e-07   6.28322e-07   6.64079e-07   7.97869e-07    7.1635e-07   7.22381e-07   7.76139e-07   8.29901e-07   8.55904e-07   8.87259e-07   9.65975e-07   9.90961e-07   9.92424e-07   1.05953e-06   1.12762e-06   1.13191e-06   1.18049e-06   9.98163e-07   8.76455e-07   7.48645e-07   6.16503e-07   5.42163e-07   4.62087e-07   3.75406e-07   3.51265e-07   2.38252e-07   2.11738e-07   1.88479e-07   1.72763e-07   9.61647e-08    7.3693e-08   5.38342e-08   8.90799e-09   1.22033e-08   -3.5758e-08  -8.54857e-09  -2.77602e-08
  1.3293e-07   2.57137e-07   3.61722e-07   3.54345e-07     3.747e-07   4.17885e-07   4.72798e-07   5.16762e-07   5.35639e-07   6.69823e-07   5.87416e-07   5.98342e-07   6.35804e-07   6.83845e-07   7.03394e-07   7.06489e-07   7.60575e-07   8.04293e-07   7.89413e-07    8.8123e-07   9.42741e-07   9.54169e-07   9.98163e-07   1.06552e-06   9.13237e-07   7.99567e-07   6.72999e-07   5.95219e-07   5.41682e-07   4.35648e-07   3.93685e-07   2.79735e-07    2.6241e-07   2.48965e-07   2.22539e-07   1.47912e-07   1.15343e-07   8.85315e-08   5.57704e-08   5.77789e-08   9.62363e-09   3.47615e-08   2.29549e-08
 8.22937e-08   2.24994e-07   2.68773e-07   2.65325e-07   3.31396e-07   3.55696e-07   4.25336e-07   4.22322e-07   4.47568e-07   5.09704e-07   4.31939e-07   4.06342e-07    4.9472e-07   5.62284e-07   5.81916e-07    5.9885e-07   6.30283e-07    6.5822e-07   6.71742e-07   7.53536e-07   8.29271e-07   8.37963e-07   8.76455e-07   9.13237e-07   9.97302e-07   8.68425e-07   7.31539e-07   6.64774e-07   6.19431e-07   5.05853e-07   4.74428e-07   3.45908e-07   3.18726e-07   2.93296e-07   2.65411e-07   1.88207e-07   1.57292e-07   1.09075e-07   6.95514e-08   6.43121e-08   1.02069e-08   3.11048e-08   1.00514e-08
 1.55379e-08   1.82713e-07   9.37449e-08   1.28125e-07   1.70782e-07   2.37955e-07   3.31251e-07    3.1556e-07    3.0725e-07   3.73001e-07    3.3433e-07   2.93857e-07   3.36373e-07   3.88973e-07   4.38888e-07    4.3209e-07   4.59072e-07   4.99752e-07   5.21199e-07   6.01621e-07   6.81472e-07   7.22158e-07   7.48645e-07   7.99567e-07   8.68425e-07   9.57968e-07   7.85359e-07   7.13661e-07   6.73732e-07    5.5433e-07    5.0835e-07   3.99079e-07   3.75819e-07   3.41707e-07   3.31003e-07   2.59648e-07   2.08549e-07   1.75099e-07   1.22861e-07   1.16343e-07   5.71725e-08   7.63422e-08     5.347e-08
 1.82856e-08   1.20923e-07    8.6388e-08   1.07136e-07   1.27423e-07   1.60783e-07   2.38092e-07   1.81285e-07   2.01888e-07   2.91028e-07   2.32972e-07   2.33517e-07   3.00214e-07    3.6249e-07   4.21815e-07    4.0319e-07     4.257e-07    4.5123e-07   4.40662e-07   4.87198e-07   5.64801e-07   5.82234e-07   6.16503e-07   6.72999e-07   7.31539e-07   7.85359e-07   8.19019e-07   7.12872e-07   6.61722e-07   5.55736e-07    5.0742e-07   4.00113e-07    3.7394e-07   3.37258e-07   3.16767e-07   2.54657e-07   2.12259e-07   1.75372e-07   1.22932e-07   1.03595e-07   4.96475e-08   6.18189e-08   4.28122e-08
-6.97187e-08   5.26508e-08   2.20087e-08   6.16444e-08   1.04777e-07   1.20757e-07   1.51889e-07   1.01672e-07   1.26561e-07   1.98804e-07   1.48632e-07   1.44745e-07   2.27439e-07    2.9043e-07   3.28805e-07   3.18714e-07   3.50724e-07   4.03712e-07   3.70345e-07   4.24544e-07   4.91937e-07   5.04452e-07   5.42163e-07   5.95219e-07   6.64774e-07   7.13661e-07   7.12872e-07    7.9108e-07   7.36283e-07   6.17116e-07   5.54697e-07   4.48172e-07   4.12004e-07   3.54554e-07   3.25635e-07   2.56257e-07    2.2897e-07   1.83077e-07   1.36186e-07   1.08873e-07   5.48125e-08      7.21e-08   6.01507e-08
-2.32352e-08   1.29091e-07   7.12054e-08   6.29142e-08   1.00669e-07   1.18835e-07   1.34782e-07   9.77091e-08   1.47345e-07   2.15681e-07   1.60219e-07   1.26437e-07   2.08013e-07   2.59496e-07   2.75623e-07    2.5956e-07   2.68949e-07   3.41846e-07   3.08091e-07   3.64268e-07   4.29904e-07   4.31599e-07   4.62087e-07   5.41682e-07   6.19431e-07   6.73732e-07   6.61722e-07   7.36283e-07   8.57806e-07   7.10879e-07   6.50239e-07   5.32591e-07   5.02558e-07    4.3223e-07   3.86675e-07   3.08113e-07   2.70886e-07   2.27249e-07   1.75275e-07   1.29782e-07   7.40464e-08   8.38626e-08   7.53267e-08
-2.17833e-07  -9.07043e-08  -1.26609e-07  -9.97683e-08  -1.80953e-08    6.5731e-08   6.19898e-08  -3.91793e-09   6.37937e-08   1.34832e-07   6.09071e-08   6.08274e-08   1.23206e-07   1.73585e-07   2.26699e-07   2.01486e-07   2.19983e-07   2.61009e-07   2.49615e-07   2.74233e-07   3.44094e-07   3.39132e-07   3.75406e-07   4.35648e-07   5.05853e-07    5.5433e-07   5.55736e-07   6.17116e-07   7.10879e-07   7.50295e-07    6.7229e-07   5.68904e-07   5.42156e-07   4.49306e-07   3.97455e-07   3.28218e-07   2.88486e-07   2.60088e-07   2.23619e-07   1.94677e-07   1.40204e-07   1.46386e-07   1.12274e-07
-2.22974e-07  -1.50001e-07  -1.73618e-07  -1.36277e-07  -4.18107e-08   3.50285e-08   1.32411e-08  -3.15944e-09   2.42345e-08    9.0867e-08   3.34487e-08   6.12025e-08   9.91079e-08   1.35668e-07   1.49414e-07   1.59255e-07   1.70527e-07   2.14211e-07   2.26728e-07   2.26747e-07   2.79726e-07    3.0369e-07   3.51265e-07   3.93685e-07   4.74428e-07    5.0835e-07    5.0742e-07   5.54697e-07   6.50239e-07    6.7229e-07   7.40343e-07   6.16367e-07   5.91805e-07   4.88565e-07   4.39276e-07   3.65791e-07   3.27287e-07   2.86725e-07     2.445e-07   2.16989e-07   1.65516e-07   1.60275e-07   1.25457e-07
-1.10906e-07   -2.8802e-08   -1.5851e-07  -1.36447e-07  -7.08756e-08   4.23226e-08   3.30792e-10   7.45273e-09   4.33743e-08    7.9745e-08   4.26674e-08   4.92524e-08   6.42249e-08      7.96e-08   6.86297e-08   5.76909e-08   6.98697e-08   9.16934e-08   1.08809e-07   1.22402e-07   1.73413e-07   1.83929e-07   2.38252e-07   2.79735e-07   3.45908e-07   3.99079e-07   4.00113e-07   4.48172e-07   5.32591e-07   5.68904e-07   6.16367e-07   6.64101e-07   6.30417e-07   5.32555e-07   4.69284e-07   3.95295e-07   3.39883e-07   3.06838e-07   2.61277e-07   2.34223e-07   2.01487e-07   1.87438e-07   1.64929e-07
-1.02121e-07  -4.49075e-08  -1.63398e-07  -1.43198e-07  -8.10679e-08  -2.13339e-08  -5.67207e-08  -7.27182e-08   -3.1939e-08   2.87058e-08   -2.0961e-08  -6.46058e-09   4.89633e-09   3.17108e-08   3.49171e-08   3.63391e-08   4.80143e-08   8.47431e-08   1.14477e-07   1.17877e-07   1.46682e-07   1.65761e-07   2.11738e-07    2.6241e-07   3.18726e-07   3.75819e-07    3.7394e-07   4.12004e-07   5.02558e-07   5.42156e-07   5.91805e-07   6.30417e-07   7.43356e-07   6.27007e-07   5.53078e-07   4.85217e-07   4.15199e-07   3.77872e-07   3.20027e-07   2.88062e-07   2.39751e-07   2.14094e-07   1.80951e-07
 1.58079e-07   1.20738e-07  -4.85847e-08  -3.13249e-08  -2.43898e-09   4.99175e-08   4.21832e-08   2.81202e-09   1.41006e-08   5.97573e-08   3.25151e-08   3.59463e-08   5.92854e-08   4.90258e-08   5.44143e-08   5.24877e-08   5.16141e-08   7.21725e-08   9.80292e-08   1.04045e-07   1.20762e-07   1.41984e-07   1.88479e-07   2.48965e-07   2.93296e-07   3.41707e-07   3.37258e-07   3.54554e-07    4.3223e-07   4.49306e-07   4.88565e-07   5.32555e-07   6.27007e-07   6.41163e-07   5.61604e-07   4.95014e-07    4.1672e-07    3.7335e-07   3.26889e-07   2.81249e-07   2.39465e-07   2.09676e-07   1.81171e-07
  1.4037e-07    1.1508e-07  -1.02733e-08   5.61191e-09  -5.19697e-09   4.24712e-08   3.41324e-08  -4.90206e-09    2.1426e-09   3.24052e-08    2.8619e-08   4.04484e-08   8.47704e-08   5.15003e-08   5.00404e-08   5.47577e-08   5.93011e-08   8.45404e-08   1.10431e-07   1.14975e-07   1.26312e-07   1.34754e-07   1.72763e-07   2.22539e-07   2.65411e-07   3.31003e-07   3.16767e-07   3.25635e-07   3.86675e-07   3.97455e-07   4.39276e-07   4.69284e-07   5.53078e-07   5.61604e-07   6.11098e-07   5.35742e-07   4.60485e-07   4.27608e-07   3.66825e-07   3.15526e-07    2.8418e-07   2.35163e-07   2.04419e-07
 1.06159e-07   9.50722e-08   1.04481e-08  -5.28934e-08  -3.60194e-08   3.56941e-08   3.36997e-08  -1.88988e-08  -1.53121e-08   1.76336e-08   1.92985e-08   2.64208e-08   9.85496e-08   3.97685e-08   4.62679e-08   5.03236e-08   2.44887e-08   6.09315e-08   7.17319e-08   4.69859e-08   5.49379e-08   6.84755e-08   9.61647e-08   1.47912e-07   1.88207e-07   2.59648e-07   2.54657e-07   2.56257e-07   3.08113e-07   3.28218e-07   3.65791e-07   3.95295e-07   4.85217e-07   4.95014e-07   5.35742e-07   5.87632e-07   5.02775e-07   4.69274e-07   3.94635e-07   3.33217e-07   3.02008e-07   2.49559e-07   2.07559e-07
 1.20851e-07   5.95801e-08   2.29515e-08   -1.9291e-08  -1.75819e-08   2.23847e-10   8.67562e-09  -2.14491e-08  -1.98097e-08  -6.71653e-09  -1.85938e-08   2.10132e-08   5.79522e-08   2.32097e-08   1.62582e-08   3.31272e-08   2.30348e-08   5.13851e-08   7.10242e-08   4.06117e-08     3.757e-08   4.69122e-08    7.3693e-08   1.15343e-07   1.57292e-07   2.08549e-07   2.12259e-07    2.2897e-07   2.70886e-07   2.88486e-07   3.27287e-07   3.39883e-07   4.15199e-07    4.1672e-07   4.60485e-07   5.02775e-07   5.34304e-07    4.8908e-07   4.22332e-07   3.57703e-07   3.26695e-07   2.81962e-07     2.347e-07
 4.31981e-08   9.45905e-09   7.28296e-09  -3.37291e-08  -3.51804e-08  -1.75128e-08  -2.29468e-08  -4.88638e-08  -4.68445e-08  -1.24803e-08  -5.15462e-08  -2.88612e-09   1.85592e-08  -1.79874e-08  -1.51383e-08   6.51463e-09    2.0707e-08   4.50257e-08   5.24586e-08    1.3342e-08   2.67453e-08   2.55171e-08   5.38342e-08   8.85315e-08   1.09075e-07   1.75099e-07   1.75372e-07   1.83077e-07   2.27249e-07   2.60088e-07   2.86725e-07   3.06838e-07   3.77872e-07    3.7335e-07   4.27608e-07   4.69274e-07    4.8908e-07    5.6018e-07   4.91263e-07   4.24647e-07   3.88948e-07   3.32669e-07   2.80277e-07
-1.67192e-07   -1.1908e-07   -1.0384e-07  -1.04368e-07  -8.55745e-08  -7.60884e-08  -8.99057e-08  -6.50069e-08  -6.79691e-08  -9.95538e-09  -8.15349e-08  -3.32438e-08  -3.45707e-08  -8.58685e-08  -8.15141e-08  -5.84736e-08   -3.3115e-08   8.66576e-09   7.06199e-09  -2.58441e-08  -1.80308e-08  -2.42662e-08   8.90799e-09   5.57704e-08   6.95514e-08   1.22861e-07   1.22932e-07   1.36186e-07   1.75275e-07   2.23619e-07     2.445e-07   2.61277e-07   3.20027e-07   3.26889e-07   3.66825e-07   3.94635e-07   4.22332e-07   4.91263e-07   5.40363e-07   4.65604e-07   4.38414e-07   3.81167e-07   3.32727e-07
-1.56588e-07  -1.30515e-07  -1.91664e-07   -1.4167e-07  -1.65842e-07  -1.67722e-07   -1.6381e-07  -1.39075e-07  -1.39272e-07  -8.84069e-08  -1.18076e-07  -7.63417e-08  -6.48089e-08  -1.00535e-07  -7.59516e-08  -5.68301e-08  -2.74565e-08   2.70163e-08   3.28275e-08   1.46921e-08   1.50989e-08  -6.90302e-09   1.22033e-08   5.77789e-08   6.43121e-08   1.16343e-07   1.03595e-07   1.08873e-07   1.29782e-07   1.94677e-07   2.16989e-07   2.34223e-07   2.88062e-07   2.81249e-07   3.15526e-07   3.33217e-07   3.57703e-07   4.24647e-07   4.65604e-07   4.98484e-07   4.60527e-07   4.08667e-07   3.49148e-07
-1.16518e-07  -1.31324e-07   -2.0343e-07  -2.23362e-07  -2.01561e-07  -1.70758e-07  -1.62035e-07  -1.11034e-07   -1.2914e-07  -7.63933e-08  -1.09404e-07  -9.78889e-08  -8.20202e-08  -1.19847e-07  -1.02058e-07  -8.31027e-08  -5.58493e-08  -1.44508e-08  -8.45173e-09  -2.36341e-08  -3.06033e-08  -4.82522e-08   -3.5758e-08   9.62363e-09   1.02069e-08   5.71725e-08   4.96475e-08   5.48125e-08   7.40464e-08   1.40204e-07   1.65516e-07   2.01487e-07   2.39751e-07   2.39465e-07    2.8418e-07   3.02008e-07   3.26695e-07   3.88948e-07   4.38414e-07   4.60527e-07   5.24479e-07   4.67011e-07    4.1228e-07
-9.69538e-08  -1.22198e-07  -1.82734e-07  -1.69948e-07  -1.69309e-07  -1.44362e-07  -1.30833e-07  -9.71896e-08  -1.11609e-07  -7.64012e-08  -1.19382e-07  -9.96385e-08   -9.5437e-08  -1.36355e-07  -1.14457e-07  -1.01752e-07  -7.62418e-08  -2.28674e-08  -1.13135e-08  -3.77706e-08  -2.86653e-08  -2.83398e-08  -8.54857e-09   3.47615e-08   3.11048e-08   7.63422e-08   6.18189e-08      7.21e-08   8.38626e-08   1.46386e-07   1.60275e-07   1.87438e-07   2.14094e-07   2.09676e-07   2.35163e-07   2.49559e-07   2.81962e-07   3.32669e-07   3.81167e-07   4.08667e-07   4.67011e-07   4.99558e-07   4.42582e-07
-5.32976e-08  -8.51775e-09  -6.39721e-08  -6.36534e-08  -7.16148e-08  -4.71387e-08  -2.56278e-08   9.60883e-09   1.56174e-08   2.99311e-08  -3.49676e-08  -3.76572e-08  -4.35371e-08  -9.50283e-08  -8.59497e-08  -8.15888e-08  -6.53645e-08   -2.2378e-08  -1.60784e-08  -3.63138e-08  -3.42211e-08  -4.82468e-08  -2.77602e-08   2.29549e-08   1.00514e-08     5.347e-08   4.28122e-08   6.01507e-08   7.53267e-08   1.12274e-07   1.25457e-07   1.64929e-07   1.80951e-07   1.81171e-07   2.04419e-07   2.07559e-07     2.347e-07   2.80277e-07   3.32727e-07   3.49148e-07    4.1228e-07   4.42582e-07   4.73477e-07
