 1.47044e-05   1.13166e-05   8.16403e-06   6.42637e-06   5.60678e-06   4.54694e-06   3.58545e-06   2.58226e-06   2.25197e-06   1.89928e-06   1.66058e-06   1.41718e-06   1.01701e-06   7.84206e-07   3.58883e-07   2.21186e-07     1.417e-07   3.46128e-08   6.51748e-08  -1.73141e-07   -9.9239e-08  -4.41248e-08   1.05399e-07   4.34067e-08   9.89937e-09  -1.75138e-07  -1.56621e-07   -9.5813e-08
 1.13166e-05   1.09859e-05   8.37838e-06   6.68891e-06   5.86264e-06   4.76175e-06    3.6936e-06   2.78173e-06   2.49115e-06   2.09377e-06   1.85442e-06   1.52817e-06   1.03622e-06   8.40503e-07   4.99653e-07   3.52668e-07   1.44204e-07   6.20748e-08   6.91566e-08  -1.40222e-07  -1.58939e-07  -1.40698e-07   1.91222e-08  -1.43043e-08   2.00692e-08  -1.10623e-07  -1.94006e-07  -1.22874e-07
 8.16403e-06   8.37838e-06   7.80123e-06   6.39853e-06   5.59671e-06    4.6501e-06   3.61658e-06   2.81663e-06   2.41638e-06   2.02968e-06   1.71492e-06   1.37617e-06   9.42627e-07   7.69384e-07   5.02841e-07   3.69147e-07   1.82432e-07   1.02578e-07   9.76921e-08  -5.12191e-08  -7.49618e-08   -8.9272e-08   2.58256e-09  -5.36476e-08  -2.14321e-08  -1.23888e-07   -1.9811e-07   -1.4779e-07
 6.42637e-06   6.68891e-06   6.39853e-06   6.56364e-06    5.8475e-06   4.82848e-06    3.8311e-06   2.95892e-06   2.51974e-06   2.13633e-06   1.77593e-06   1.37287e-06   9.78867e-07   7.58013e-07   5.66743e-07   4.35921e-07   3.05871e-07   1.67546e-07   1.41916e-07   5.15373e-08   5.13782e-08  -2.83686e-10   6.33858e-08   2.53236e-08  -1.02943e-08  -1.18308e-07  -1.79687e-07  -1.12899e-07
 5.60678e-06   5.86264e-06   5.59671e-06    5.8475e-06   6.08292e-06   5.04374e-06   4.11885e-06   3.17192e-06   2.64984e-06   2.23618e-06   1.86359e-06   1.51804e-06   1.11638e-06   8.10447e-07   6.36962e-07   4.72247e-07   3.44533e-07   1.62864e-07   1.08288e-07  -1.59292e-09  -2.85799e-09  -6.16548e-08   8.46359e-09  -1.66049e-08  -2.35701e-08   -8.0058e-08  -1.33758e-07  -7.04945e-08
 4.54694e-06   4.76175e-06    4.6501e-06   4.82848e-06   5.04374e-06    5.0729e-06   4.16937e-06   3.29763e-06   2.79298e-06   2.31222e-06   1.90689e-06   1.58889e-06   1.23575e-06   9.49181e-07   7.33739e-07   5.49443e-07   3.76701e-07   2.03593e-07   1.64488e-07    7.3983e-08   5.41084e-08  -1.33732e-09   2.62232e-08   -1.2692e-08  -2.18965e-08  -6.34093e-08  -1.22339e-07   -6.2652e-08
 3.58545e-06    3.6936e-06   3.61658e-06    3.8311e-06   4.11885e-06   4.16937e-06   4.16228e-06   3.40076e-06   2.88028e-06   2.38575e-06    1.9795e-06   1.64276e-06   1.30731e-06   9.80579e-07   7.61287e-07   5.54344e-07   3.81808e-07   2.23029e-07   1.74229e-07   6.77786e-08   5.86109e-08   7.09812e-09   3.38398e-08  -6.49285e-09  -1.96043e-08  -7.34649e-08  -1.04579e-07    -7.077e-08
 2.58226e-06   2.78173e-06   2.81663e-06   2.95892e-06   3.17192e-06   3.29763e-06   3.40076e-06   3.42019e-06   2.95692e-06   2.46571e-06   2.06998e-06   1.67014e-06   1.27411e-06   9.86593e-07   7.71504e-07    5.4792e-07   3.44865e-07   2.32348e-07   1.41785e-07   6.29637e-08   5.48408e-08   5.23891e-09    5.4049e-08   3.01877e-08   2.45902e-08  -5.33705e-08  -9.65298e-08  -9.22551e-08
 2.25197e-06   2.49115e-06   2.41638e-06   2.51974e-06   2.64984e-06   2.79298e-06   2.88028e-06   2.95692e-06   3.06748e-06    2.6396e-06   2.26278e-06   1.87227e-06   1.40801e-06   1.08489e-06    8.3011e-07   6.39127e-07   4.21477e-07     3.273e-07     2.569e-07   1.54134e-07   1.02113e-07   3.85924e-08   5.84751e-08   4.02781e-08   1.98202e-08  -6.62112e-08  -9.64349e-08  -9.96096e-08
 1.89928e-06   2.09377e-06   2.02968e-06   2.13633e-06   2.23618e-06   2.31222e-06   2.38575e-06   2.46571e-06    2.6396e-06   2.68591e-06   2.33044e-06   1.93418e-06   1.45347e-06   1.17941e-06   8.91665e-07   6.73411e-07   4.71957e-07     3.947e-07   2.82754e-07   1.94271e-07   9.39664e-08   3.62926e-08   4.94718e-08   2.59799e-08   1.20012e-08  -7.55014e-08  -9.16219e-08  -1.04939e-07
 1.66058e-06   1.85442e-06   1.71492e-06   1.77593e-06   1.86359e-06   1.90689e-06    1.9795e-06   2.06998e-06   2.26278e-06   2.33044e-06   2.39777e-06   2.01822e-06   1.52055e-06   1.23114e-06   9.61731e-07   7.12371e-07   4.99761e-07   3.95915e-07   2.82713e-07   1.96338e-07   1.00995e-07   5.26733e-08   5.72874e-08   1.74693e-08   3.38159e-08  -3.49646e-08  -5.28317e-08  -7.44444e-08
 1.41718e-06   1.52817e-06   1.37617e-06   1.37287e-06   1.51804e-06   1.58889e-06   1.64276e-06   1.67014e-06   1.87227e-06   1.93418e-06   2.01822e-06   2.05189e-06   1.59149e-06   1.28679e-06    1.0051e-06   7.56267e-07   5.36887e-07   4.21757e-07   3.42329e-07   2.37591e-07   1.27052e-07   9.38871e-08   8.26346e-08   5.77632e-08   7.01012e-08   2.09136e-08  -5.24194e-10  -2.10501e-08
 1.01701e-06   1.03622e-06   9.42627e-07   9.78867e-07   1.11638e-06   1.23575e-06   1.30731e-06   1.27411e-06   1.40801e-06   1.45347e-06   1.52055e-06   1.59149e-06   1.59536e-06   1.33047e-06   1.07488e-06   8.25584e-07   6.24996e-07   4.59465e-07   3.69983e-07   2.62996e-07   1.57845e-07   1.19077e-07   1.06044e-07   4.32308e-08   3.04647e-08  -1.35028e-09  -1.07983e-08  -3.11291e-08
 7.84206e-07   8.40503e-07   7.69384e-07   7.58013e-07   8.10447e-07   9.49181e-07   9.80579e-07   9.86593e-07   1.08489e-06   1.17941e-06   1.23114e-06   1.28679e-06   1.33047e-06   1.41258e-06   1.16148e-06   9.14125e-07   7.24781e-07   5.49205e-07   4.44513e-07   3.25208e-07   2.09371e-07   1.50768e-07    1.2127e-07    5.2379e-08    3.5898e-08   -4.3612e-09  -2.58551e-08  -3.19656e-08
 3.58883e-07   4.99653e-07   5.02841e-07   5.66743e-07   6.36962e-07   7.33739e-07   7.61287e-07   7.71504e-07    8.3011e-07   8.91665e-07   9.61731e-07    1.0051e-06   1.07488e-06   1.16148e-06   1.18735e-06   9.56705e-07   7.75438e-07   5.88208e-07   4.72928e-07   3.57535e-07    2.5724e-07   1.98415e-07   1.57607e-07   7.54152e-08   5.17392e-08   6.20645e-09  -3.18803e-08   -2.3571e-08
 2.21186e-07   3.52668e-07   3.69147e-07   4.35921e-07   4.72247e-07   5.49443e-07   5.54344e-07    5.4792e-07   6.39127e-07   6.73411e-07   7.12371e-07   7.56267e-07   8.25584e-07   9.14125e-07   9.56705e-07   1.01002e-06   8.42514e-07   6.62171e-07   5.76696e-07   4.45194e-07   3.24922e-07   2.76774e-07   2.29119e-07     1.435e-07   9.89764e-08     6.208e-08   1.44219e-08   2.31938e-08
   1.417e-07   1.44204e-07   1.82432e-07   3.05871e-07   3.44533e-07   3.76701e-07   3.81808e-07   3.44865e-07   4.21477e-07   4.71957e-07   4.99761e-07   5.36887e-07   6.24996e-07   7.24781e-07   7.75438e-07   8.42514e-07   9.40258e-07   7.52477e-07   6.73931e-07   5.31035e-07   4.29373e-07   3.61362e-07   3.15927e-07   2.35684e-07   1.66222e-07    1.1241e-07   6.18508e-08   5.56055e-08
 3.46128e-08   6.20748e-08   1.02578e-07   1.67546e-07   1.62864e-07   2.03593e-07   2.23029e-07   2.32348e-07     3.273e-07     3.947e-07   3.95915e-07   4.21757e-07   4.59465e-07   5.49205e-07   5.88208e-07   6.62171e-07   7.52477e-07   7.80801e-07     6.904e-07   5.53098e-07   4.47431e-07   3.75442e-07   3.21576e-07   2.49972e-07   1.88555e-07   1.26546e-07   6.38693e-08   5.69377e-08
 6.51748e-08   6.91566e-08   9.76921e-08   1.41916e-07   1.08288e-07   1.64488e-07   1.74229e-07   1.41785e-07     2.569e-07   2.82754e-07   2.82713e-07   3.42329e-07   3.69983e-07   4.44513e-07   4.72928e-07   5.76696e-07   6.73931e-07     6.904e-07   8.12037e-07   6.64141e-07   5.46252e-07   4.59742e-07   3.73835e-07    2.8059e-07   2.22499e-07   1.56248e-07   7.83395e-08   7.63423e-08
-1.73141e-07  -1.40222e-07  -5.12191e-08   5.15373e-08  -1.59292e-09    7.3983e-08   6.77786e-08   6.29637e-08   1.54134e-07   1.94271e-07   1.96338e-07   2.37591e-07   2.62996e-07   3.25208e-07   3.57535e-07   4.45194e-07   5.31035e-07   5.53098e-07   6.64141e-07   7.20686e-07   6.09511e-07     5.303e-07   4.09301e-07   3.25756e-07   2.69726e-07   2.26881e-07   1.57249e-07   1.38056e-07
 -9.9239e-08  -1.58939e-07  -7.49618e-08   5.13782e-08  -2.85799e-09   5.41084e-08   5.86109e-08   5.48408e-08   1.02113e-07   9.39664e-08   1.00995e-07   1.27052e-07   1.57845e-07   2.09371e-07    2.5724e-07   3.24922e-07   4.29373e-07   4.47431e-07   5.46252e-07   6.09511e-07   6.66857e-07   5.98585e-07   4.79078e-07   3.81007e-07   3.11424e-07    2.5275e-07   2.00091e-07   1.69626e-07
-4.41248e-08  -1.40698e-07   -8.9272e-08  -2.83686e-10  -6.16548e-08  -1.33732e-09   7.09812e-09   5.23891e-09   3.85924e-08   3.62926e-08   5.26733e-08   9.38871e-08   1.19077e-07   1.50768e-07   1.98415e-07   2.76774e-07   3.61362e-07   3.75442e-07   4.59742e-07     5.303e-07   5.98585e-07   7.01022e-07   5.68982e-07    4.6789e-07   3.80591e-07   3.14255e-07   2.51998e-07   2.07055e-07
 1.05399e-07   1.91222e-08   2.58256e-09   6.33858e-08   8.46359e-09   2.62232e-08   3.38398e-08    5.4049e-08   5.84751e-08   4.94718e-08   5.72874e-08   8.26346e-08   1.06044e-07    1.2127e-07   1.57607e-07   2.29119e-07   3.15927e-07   3.21576e-07   3.73835e-07   4.09301e-07   4.79078e-07   5.68982e-07   5.95298e-07   5.07698e-07   4.15598e-07   3.42668e-07   2.74402e-07    2.1361e-07
 4.34067e-08  -1.43043e-08  -5.36476e-08   2.53236e-08  -1.66049e-08   -1.2692e-08  -6.49285e-09   3.01877e-08   4.02781e-08   2.59799e-08   1.74693e-08   5.77632e-08   4.32308e-08    5.2379e-08   7.54152e-08     1.435e-07   2.35684e-07   2.49972e-07    2.8059e-07   3.25756e-07   3.81007e-07    4.6789e-07   5.07698e-07   5.62612e-07    4.7841e-07   3.86951e-07   3.14085e-07   2.47399e-07
 9.89937e-09   2.00692e-08  -2.14321e-08  -1.02943e-08  -2.35701e-08  -2.18965e-08  -1.96043e-08   2.45902e-08   1.98202e-08   1.20012e-08   3.38159e-08   7.01012e-08   3.04647e-08    3.5898e-08   5.17392e-08   9.89764e-08   1.66222e-07   1.88555e-07   2.22499e-07   2.69726e-07   3.11424e-07   3.80591e-07   4.15598e-07    4.7841e-07   5.27523e-07   4.56277e-07   3.72879e-07   3.00152e-07
-1.75138e-07  -1.10623e-07  -1.23888e-07  -1.18308e-07   -8.0058e-08  -6.34093e-08  -7.34649e-08  -5.33705e-08  -6.62112e-08  -7.55014e-08  -3.49646e-08   2.09136e-08  -1.35028e-09   -4.3612e-09   6.20645e-09     6.208e-08    1.1241e-07   1.26546e-07   1.56248e-07   2.26881e-07    2.5275e-07   3.14255e-07   3.42668e-07   3.86951e-07   4.56277e-07   5.18252e-07   4.48106e-07   3.72028e-07
-1.56621e-07  -1.94006e-07   -1.9811e-07  -1.79687e-07  -1.33758e-07  -1.22339e-07  -1.04579e-07  -9.65298e-08  -9.64349e-08  -9.16219e-08  -5.28317e-08  -5.24194e-10  -1.07983e-08  -2.58551e-08  -3.18803e-08   1.44219e-08   6.18508e-08   6.38693e-08   7.83395e-08   1.57249e-07   2.00091e-07   2.51998e-07   2.74402e-07   3.14085e-07   3.72879e-07   4.48106e-07   4.94012e-07   4.29285e-07
 -9.5813e-08  -1.22874e-07   -1.4779e-07  -1.12899e-07  -7.04945e-08   -6.2652e-08    -7.077e-08  -9.22551e-08  -9.96096e-08  -1.04939e-07  -7.44444e-08  -2.10501e-08  -3.11291e-08  -3.19656e-08   -2.3571e-08   2.31938e-08   5.56055e-08   5.69377e-08   7.63423e-08   1.38056e-07   1.69626e-07   2.07055e-07    2.1361e-07   2.47399e-07   3.00152e-07   3.72028e-07   4.29285e-07   4.71817e-07
