  1.2432e-05   8.75201e-06   6.53178e-06   5.39239e-06   3.83076e-06   2.63741e-06   2.28428e-06   1.86054e-06   1.37376e-06   9.77303e-07      4.99e-07   2.81376e-07   1.17168e-07   6.69978e-08  -1.37607e-07  -1.05815e-07   3.63045e-08    4.3716e-08  -5.23094e-08  -1.67961e-07  -9.64409e-08
 8.75201e-06   7.98216e-06   6.23446e-06   5.16822e-06   3.70657e-06   2.66389e-06   2.18793e-06   1.78463e-06   1.27003e-06   8.85705e-07   5.53619e-07   3.32539e-07   1.34414e-07   8.42413e-08   -7.0469e-08  -1.05157e-07  -7.86831e-09  -3.07473e-08  -6.48827e-08  -1.83734e-07  -1.17847e-07
 6.53178e-06   6.23446e-06   6.38349e-06   5.43135e-06   3.98455e-06   2.87305e-06   2.34371e-06   1.85703e-06   1.31024e-06   8.97526e-07   6.00632e-07   4.19532e-07   2.44124e-07   1.32317e-07   4.29738e-08  -1.09928e-08   4.16882e-08   1.94235e-08  -5.25449e-08  -1.65877e-07  -8.53806e-08
 5.39239e-06   5.16822e-06   5.43135e-06   5.56813e-06   4.33067e-06   3.17123e-06   2.53615e-06     1.982e-06   1.47621e-06   1.01709e-06   7.04655e-07   4.79945e-07     2.501e-07   1.19661e-07   2.15178e-08  -1.30864e-08   3.67513e-09  -1.87696e-08  -5.73409e-08  -1.29761e-07  -4.49764e-08
 3.83076e-06   3.70657e-06   3.98455e-06   4.33067e-06   4.14097e-06   3.26218e-06   2.57834e-06   2.02103e-06   1.56476e-06   1.15139e-06   7.99522e-07   5.45121e-07    3.0522e-07   1.79543e-07   7.76911e-08   3.06427e-08   3.76508e-08   2.48239e-09  -4.05977e-08  -9.89082e-08  -5.09301e-08
 2.63741e-06   2.66389e-06   2.87305e-06   3.17123e-06   3.26218e-06   3.29078e-06   2.71279e-06   2.18012e-06   1.62066e-06   1.14281e-06   8.04948e-07   5.32993e-07   2.91807e-07   1.78571e-07   8.71871e-08   2.76421e-08   5.60457e-08    5.2119e-08  -1.32134e-08  -8.01318e-08  -6.85621e-08
 2.28428e-06   2.18793e-06   2.34371e-06   2.53615e-06   2.57834e-06   2.71279e-06   2.80405e-06   2.37387e-06   1.82554e-06   1.28867e-06   9.02985e-07   6.31474e-07   4.04039e-07   2.88675e-07    1.7137e-07   5.31426e-08   5.12207e-08   3.11224e-08  -5.06718e-08  -9.93269e-08  -1.07268e-07
 1.86054e-06   1.78463e-06   1.85703e-06     1.982e-06   2.02103e-06   2.18012e-06   2.37387e-06   2.40693e-06   1.91217e-06   1.35721e-06   9.90143e-07   6.73132e-07   4.30167e-07   2.99027e-07   1.87544e-07   5.29756e-08   5.45916e-08   3.22281e-08  -1.62714e-08  -5.54821e-08  -8.06737e-08
 1.37376e-06   1.27003e-06   1.31024e-06   1.47621e-06   1.56476e-06   1.62066e-06   1.82554e-06   1.91217e-06   1.92101e-06   1.43095e-06   1.05447e-06   7.28909e-07   4.77459e-07    3.5456e-07   2.37508e-07    1.0042e-07   9.19505e-08   6.40113e-08    2.7953e-08   9.00863e-09  -1.80046e-08
 9.77303e-07   8.85705e-07   8.97526e-07   1.01709e-06   1.15139e-06   1.14281e-06   1.28867e-06   1.35721e-06   1.43095e-06   1.47819e-06   1.16311e-06   8.51082e-07   5.83584e-07   4.28045e-07   2.81581e-07   1.40637e-07   1.16879e-07   4.49339e-08  -1.21465e-09  -6.54643e-09  -3.41587e-08
    4.99e-07   5.53619e-07   6.00632e-07   7.04655e-07   7.99522e-07   8.04948e-07   9.02985e-07   9.90143e-07   1.05447e-06   1.16311e-06   1.18987e-06   9.15538e-07   6.66017e-07   4.84648e-07   3.42691e-07   2.00491e-07   1.60059e-07   7.15136e-08   1.60423e-08  -1.97782e-08  -2.80619e-08
 2.81376e-07   3.32539e-07   4.19532e-07   4.79945e-07   5.45121e-07   5.32993e-07   6.31474e-07   6.73132e-07   7.28909e-07   8.51082e-07   9.15538e-07   9.71341e-07   7.67256e-07   6.05735e-07   4.53092e-07   3.02363e-07   2.57937e-07   1.52476e-07   8.06456e-08   3.51189e-08   2.44598e-08
 1.17168e-07   1.34414e-07   2.44124e-07     2.501e-07    3.0522e-07   2.91807e-07   4.04039e-07   4.30167e-07   4.77459e-07   5.83584e-07   6.66017e-07   7.67256e-07   8.35027e-07   6.89794e-07   5.30892e-07    3.8694e-07    3.3138e-07   2.33265e-07   1.48556e-07   8.10838e-08   5.82663e-08
 6.69978e-08   8.42413e-08   1.32317e-07   1.19661e-07   1.79543e-07   1.78571e-07   2.88675e-07   2.99027e-07    3.5456e-07   4.28045e-07   4.84648e-07   6.05735e-07   6.89794e-07   7.81263e-07   6.33737e-07   4.74587e-07    3.7529e-07   2.66344e-07   1.80508e-07   9.16546e-08   7.29534e-08
-1.37607e-07   -7.0469e-08   4.29738e-08   2.15178e-08   7.76911e-08   8.71871e-08    1.7137e-07   1.87544e-07   2.37508e-07   2.81581e-07   3.42691e-07   4.53092e-07   5.30892e-07   6.33737e-07   7.08754e-07   5.80101e-07   4.43631e-07   3.27527e-07   2.53666e-07   1.79199e-07   1.35985e-07
-1.05815e-07  -1.05157e-07  -1.09928e-08  -1.30864e-08   3.06427e-08   2.76421e-08   5.31426e-08   5.29756e-08    1.0042e-07   1.40637e-07   2.00491e-07   3.02363e-07    3.8694e-07   4.74587e-07   5.80101e-07   6.67944e-07   5.45713e-07   4.09147e-07   3.16712e-07   2.41012e-07   1.86837e-07
 3.63045e-08  -7.86831e-09   4.16882e-08   3.67513e-09   3.76508e-08   5.60457e-08   5.12207e-08   5.45916e-08   9.19505e-08   1.16879e-07   1.60059e-07   2.57937e-07    3.3138e-07    3.7529e-07   4.43631e-07   5.45713e-07   5.93516e-07   4.76619e-07   3.73644e-07   2.80216e-07   2.07614e-07
  4.3716e-08  -3.07473e-08   1.94235e-08  -1.87696e-08   2.48239e-09    5.2119e-08   3.11224e-08   3.22281e-08   6.40113e-08   4.49339e-08   7.15136e-08   1.52476e-07   2.33265e-07   2.66344e-07   3.27527e-07   4.09147e-07   4.76619e-07   5.31295e-07   4.43369e-07   3.29879e-07   2.43371e-07
-5.23094e-08  -6.48827e-08  -5.25449e-08  -5.73409e-08  -4.05977e-08  -1.32134e-08  -5.06718e-08  -1.62714e-08    2.7953e-08  -1.21465e-09   1.60423e-08   8.06456e-08   1.48556e-07   1.80508e-07   2.53666e-07   3.16712e-07   3.73644e-07   4.43369e-07   5.20575e-07   4.29567e-07   3.31771e-07
-1.67961e-07  -1.83734e-07  -1.65877e-07  -1.29761e-07  -9.89082e-08  -8.01318e-08  -9.93269e-08  -5.54821e-08   9.00863e-09  -6.54643e-09  -1.97782e-08   3.51189e-08   8.10838e-08   9.16546e-08   1.79199e-07   2.41012e-07   2.80216e-07   3.29879e-07   4.29567e-07   4.86298e-07   4.09356e-07
-9.64409e-08  -1.17847e-07  -8.53806e-08  -4.49764e-08  -5.09301e-08  -6.85621e-08  -1.07268e-07  -8.06737e-08  -1.80046e-08  -3.41587e-08  -2.80619e-08   2.44598e-08   5.82663e-08   7.29534e-08   1.35985e-07   1.86837e-07   2.07614e-07   2.43371e-07   3.31771e-07   4.09356e-07   4.64323e-07
