15421370.488352  2707641.266028  556559.170705  -4766.853862  91897.384987  137492.691963  180189.811847  232523.762255  114580.542598  178102.141683  158512.782844  94641.511712  161157.565337  199936.077963  104919.269884  114374.635035  59627.831610  89088.312054  49280.029676   -563.655050  81827.333557  71394.757842  56730.356143  59357.365838  29879.923059  36533.540476  33471.079124  43284.851403  40695.001640  31469.180047  23837.730309  36634.384465  10397.672023  12515.211088  10032.461028  10650.863231  21555.542896
2707641.266028  8749617.861777  1637635.397127  247351.819126  205172.038799  137848.534609  210017.387170  324178.714436  312459.168890  260876.076081  104048.725191  64875.490362  92680.507453  110799.404465  55959.948393  61816.430460  106523.034777  102084.318097  77633.793667  88273.976801  79030.802442  45725.488124  52576.650906  35712.121674  29992.020135  29474.477883  28562.010951  43665.453853  45119.188514  39528.884708  28530.700674  33348.937503  41397.208053  34791.035365  11697.618149   8267.560226  20223.354668
556559.170705  1637635.397127  5230205.138031  999489.553873  223716.938089  79972.827631  210103.455988  196298.557696  132836.631516  93261.368325  85041.631372  67222.193762  78404.623182  110235.670726  72901.016065  93668.000768  81019.029274  42413.141022  56643.861226  57003.711552  38383.223672  53317.760022  48899.877060  46125.702809  32243.028503  12799.610345  25013.085420  25063.667722  25001.793540  30800.682438  21001.016079  19757.158858  22366.236141  20953.579331  15472.168142  22022.634106  13333.223219
-4766.853862  247351.819126  999489.553873  3311153.621862  743550.855344  220226.935025  111295.276901  76922.660451  88993.673947  61796.591946  106986.151696  117739.758764  64217.194930  86112.651508  62203.576815  55210.105639  56543.625575  57470.475163  40145.156601  36281.110735  47954.856053  46429.630933  29543.538070  30904.695807  39115.131355  16246.611476  21915.539478  37767.510038  24276.992356  20321.494694  21763.762758   6311.680707  13111.527470  19744.643041  21725.396353  18489.163567  15921.573744
91897.384987  205172.038799  223716.938089  743550.855344  2148333.792022  477303.041819  108651.845770  127037.799657  110582.112378  72245.524080  77187.001876  82546.434039  80046.475789  62022.735998  44120.339265  62287.209422  48387.844672  35194.553601  52508.465456  46860.174241  40075.541352  30614.433685  18283.191405  19833.757070  37043.604063  29578.265711  22800.011333  29520.485991  22970.031741  18320.036790  23896.108877  20868.949487  16554.606028  23682.687774  16177.995688  14565.957002  15020.099133
137492.691963  137848.534609  79972.827631  220226.935025  477303.041820  1456503.011086  258550.119312  35593.726837  82360.181817  61498.552051  88209.383691  62714.809644  56926.563512  67343.060813  31484.581530  58856.208095  43939.233805  32813.440874  38478.446491  29406.144117  27070.731547  36083.892201  25903.029994  21997.048309  15584.001753   8729.614344  22695.405611  25026.606152  21138.189340  17599.965093  19968.105883  11431.979988  11956.558581  16317.195893  12397.116581  12776.737659  13129.472193
180189.811847  210017.387170  210103.455988  111295.276901  108651.845770  258550.119312  1185860.949010  287855.583935  80304.782409  66517.567388  79847.482031  72768.223692  47784.540652  60480.885541  43856.439985  67080.772127  56264.772583  39443.314832  33827.462773  28410.255473  25682.389665  33802.206665  25526.995288  27091.597048  15586.991539  21582.971584  16869.688230  20797.384535  19379.952310  19564.613428  16326.122942  17251.521613  16742.610781  15361.442864  14270.565176  10728.734030  11899.949276
232523.762255  324178.714436  196298.557696  76922.660451  127037.799657  35593.726837  287855.583935  794864.877410  205406.354522  65862.135761  69164.469948  73252.806876  53029.234130  45553.266145  27991.314981  29100.035191  36273.976402  33053.918637  24084.598079  25337.626422  27462.891838  24258.163543  15443.740207  16686.831795  18291.845445  17600.455309  16987.542810  16330.671728  14866.147815  11524.925853  11438.084681   9037.627830   6378.462771   8232.108900   8964.233953  10870.729437  11442.409382
114580.542598  312459.168890  132836.631516  88993.673947  110582.112378  82360.181817  80304.782409  205406.354522  616222.135810  144319.560281  46854.903584  42022.649699  55648.429182  44166.730986  26973.530573  28436.793301  28838.527119  24526.169150  22391.790101  24834.260739  28129.609707  24220.075898  14964.526964  12760.142780  14272.944470  18381.858260  11594.775922  13366.166447  13261.201080  11047.565643  13096.124803  10545.713670  10461.821231   9286.972516   7005.390311   8088.970173  10570.357240
178102.141683  260876.076082  93261.368325  61796.591946  72245.524080  61498.552051  66517.567388  65862.135761  144319.560281  402089.928490  102425.069559  57902.133517  31175.655525  40713.888942  26421.775186  23437.427948  24050.280937  25746.339340  21089.008255  24707.233362  23065.817888  17291.402628  21820.163476  18181.415718   7700.038161  10967.792383  12051.467458  10968.479959   9790.209355  11007.964736   8910.470952   6148.806602   8590.663993   7423.882620   3922.412324   5861.674508   7723.504861
158512.782844  104048.725191  85041.631372  106986.151696  77187.001875  88209.383691  79847.482031  69164.469948  46854.903584  102425.069559  324350.036284  83907.493491  28304.703177  20871.509609  23489.844367  23158.751238  24981.201758  18992.776622  20014.091575  21015.258468  15789.719213  22642.889277  16388.712569  12919.904675  10619.503760  11157.816271  11217.031184  10428.704484   9067.673504   9910.553068   6971.632232   4671.384718   7593.458742   6229.577379   7103.832850   7065.373968   7554.979193
94641.511712  64875.490362  67222.193762  117739.758764  82546.434039  62714.809644  72768.223692  73252.806876  42022.649699  57902.133517  83907.493491  239557.164333  57796.708020  27021.453109  24443.002345  25506.136317  17535.586180  11202.858035  14262.554167  14008.487548  14447.765588  14033.204320  10883.489512  14091.181116  14692.445491  12963.091389   6821.052036   9384.705017   8066.298068   6063.107921   8884.890279   3337.438978   6425.576863   5283.936915   5129.991827   4214.726778   5687.628688
161157.565337  92680.507453  78404.623182  64217.194930  80046.475789  56926.563512  47784.540652  53029.234130  55648.429182  31175.655525  28304.703177  57796.708020  175781.502244  49795.503591  21207.883486  17379.918092  17325.235417  13170.164566  15785.592338  14789.084524  15523.563731  11832.707051  11577.245008   8438.758782  10829.705001  12702.255020   8724.313398   9111.653229   7697.047941   7461.125886   6069.428709   5174.772105   5725.429277   5791.195785   3924.477744   3531.471794   4793.984116
199936.077963  110799.404465  110235.670726  86112.651508  62022.735998  67343.060813  60480.885541  45553.266145  44166.730986  40713.888942  20871.509609  27021.453109  49795.503591  154441.121300  34739.796768  20557.361166  20174.728146  19497.351997  14142.601323  12490.515377  14929.719609  14732.849126  12406.092750   7908.889438   9100.551535   8860.189589   7150.797260  10153.391936   9625.834202   8109.953449   5911.246491   6326.562666   5807.055601   5745.491153   5816.026638   5524.628930   5725.564104
104919.269884  55959.948394  72901.016065  62203.576815  44120.339266  31484.581530  43856.439985  27991.314981  26973.530573  26421.775186  23489.844367  24443.002345  21207.883486  34739.796768  111806.401419  31462.446276  11892.680947  10977.503324   9661.066803   6032.337745   7715.628513   7666.580551   9825.338269   8082.848374   7529.987965   6379.624933   2387.809762   6744.163693   6373.223605   5441.233036   5035.622171   4396.366542   4699.839381   2801.431678   4452.310757   3836.271926   3284.485846
114374.635035  61816.430460  93668.000768  55210.105639  62287.209422  58856.208095  67080.772127  29100.035191  28436.793301  23437.427947  23158.751238  25506.136317  17379.918091  20557.361166  31462.446276  96516.283179  27890.913044  14047.529727   9533.381060   5683.561186   9958.464968   9562.046384   8648.736434   7222.356423   8690.870815   7830.098014   4417.878556   5269.583191   7675.770796   6199.303099   5945.340641   3357.952034   4920.504060   4223.556647   3084.843257   4506.437726   3038.071042
59627.831610  106523.034778  81019.029274  56543.625575  48387.844672  43939.233805  56264.772583  36273.976402  28838.527119  24050.280937  24981.201758  17535.586180  17325.235417  20174.728146  11892.680947  27890.913044  85843.119328  28888.134044  12863.514265  10039.118040  10730.958524  11387.632399   7380.723067   6940.688168   8978.471190   5829.706274   5962.351435   6044.204216   6005.111132   6281.158190   5999.946884   4902.551631   5200.738812   3710.768798   3887.669630   3426.770846   3951.012953
89088.312054  102084.318097  42413.141022  57470.475163  35194.553601  32813.440874  39443.314832  33053.918637  24526.169150  25746.339340  18992.776622  11202.858035  13170.164566  19497.351997  10977.503324  14047.529727  28888.134044  74346.323572  20256.245168   9461.581907   8327.949987   7897.798202   8304.197079   7867.543100   7067.869301   6041.292356   4498.512717   7216.037550   6454.310312   5369.530429   5599.308024   3911.891166   4293.406299   4345.306666   3944.751779   4121.776431   4747.170784
49280.029676  77633.793667  56643.861227  40145.156601  52508.465456  38478.446491  33827.462773  24084.598079  22391.790101  21089.008255  20014.091575  14262.554167  15785.592338  14142.601323   9661.066803   9533.381060  12863.514265  20256.245168  55016.067780  16520.775594   8739.019013   8399.399103   7292.905225   7946.566811   6024.057450   5495.906101   4709.146669   5109.935870   4648.770748   5177.548032   4474.778353   4783.582826   2775.753577   3760.636697   3154.183926   2860.022923   3505.729819
 -563.655050  88273.976801  57003.711552  36281.110735  46860.174241  29406.144117  28410.255473  25337.626422  24834.260739  24707.233362  21015.258468  14008.487548  14789.084524  12490.515377   6032.337745   5683.561186  10039.118040   9461.581907  16520.775594  52069.790086  15533.637229   6224.215261   5008.046806   6091.917560   5816.483469   5242.436530   4880.481517   5734.945137   5307.371352   4942.459813   4343.198913   3900.001347   4530.949905   3566.103871   4500.212193   3123.689120   3597.506330
81827.333557  79030.802442  38383.223672  47954.856053  40075.541352  27070.731547  25682.389665  27462.891838  28129.609707  23065.817888  15789.719213  14447.765588  15523.563731  14929.719609   7715.628513   9958.464968  10730.958524   8327.949987   8739.019013  15533.637229  43029.696476  12977.840797   6469.630802   5771.587992   6286.083602   3825.122486   4097.386977   5632.025045   4197.267804   3738.810789   4426.427038   4015.131806   4629.662935   3766.730572   3432.876201   2347.271994   2821.658954
71394.757842  45725.488125  53317.760022  46429.630933  30614.433685  36083.892201  33802.206665  24258.163543  24220.075898  17291.402628  22642.889277  14033.204320  11832.707051  14732.849126   7666.580551   9562.046384  11387.632399   7897.798202   8399.399103   6224.215261  12977.840797  34576.768143   8652.985936   6184.720671   4302.305459   5280.729870   3625.587740   4236.360523   4877.843358   4305.158418   3526.431188   3934.503483   3563.080936   3682.469418   3872.722891   2813.592986   2906.336656
56730.356143  52576.650906  48899.877060  29543.538070  18283.191405  25903.029994  25526.995288  15443.740207  14964.526964  21820.163476  16388.712569  10883.489512  11577.245008  12406.092750   9825.338269   8648.736434   7380.723067   8304.197079   7292.905225   5008.046806   6469.630802   8652.985936  29091.068052  10360.045455   4681.574520   3958.371047   3508.755953   3603.817479   3418.763318   3278.545338   3061.628959   3347.105252   3418.535317   2617.907039   3208.041526   2673.055743   2495.665628
59357.365838  35712.121674  46125.702809  30904.695807  19833.757070  21997.048309  27091.597048  16686.831795  12760.142780  18181.415718  12919.904675  14091.181116   8438.758782   7908.889438   8082.848374   7222.356423   6940.688168   7867.543100   7946.566811   6091.917560   5771.587992   6184.720671  10360.045455  26517.763615   8976.398836   3627.418059   2852.168810   2883.398756   2905.330869   3893.599314   2813.800576   2568.586569   2453.963316   2040.934965   2542.896164   2291.910969   2350.432000
29879.923059  29992.020135  32243.028503  39115.131355  37043.604063  15584.001753  15586.991539  18291.845445  14272.944470   7700.038161  10619.503760  14692.445491  10829.705001   9100.551535   7529.987965   8690.870815   8978.471190   7067.869301   6024.057450   5816.483469   6286.083602   4302.305459   4681.574520   8976.398836  23145.379361   5908.995615   3435.127657   3486.290107   4132.900186   2923.030149   3223.817019   1585.316180   2567.534416   2295.290663   2826.577654   1804.402547   2291.325653
36533.540476  29474.477883  12799.610345  16246.611476  29578.265711   8729.614344  21582.971584  17600.455309  18381.858260  10967.792383  11157.816271  12963.091389  12702.255020   8860.189589   6379.624933   7830.098014   5829.706274   6041.292356   5495.906101   5242.436530   3825.122486   5280.729870   3958.371047   3627.418059   5908.995615  18659.053669   5708.100297   3263.360528   2776.483535   2726.759423   2721.529311   2399.358384   1792.393095   2258.037412   2379.607873   1931.877568   2156.413138
33471.079124  28562.010951  25013.085420  21915.539478  22800.011333  22695.405611  16869.688230  16987.542810  11594.775922  12051.467458  11217.031184   6821.052036   8724.313398   7150.797260   2387.809762   4417.878556   5962.351435   4498.512717   4709.146669   4880.481517   4097.386977   3625.587740   3508.755953   2852.168810   3435.127657   5708.100297  16723.223242   5565.160372   2560.920746   2036.021613   2113.676121   1995.022542   1605.296513   1860.298959   2161.821314   1696.558931   1816.127840
43284.851403  43665.453853  25063.667722  37767.510038  29520.485991  25026.606152  20797.384535  16330.671728  13366.166447  10968.479959  10428.704484   9384.705017   9111.653229  10153.391936   6744.163693   5269.583191   6044.204216   7216.037550   5109.935870   5734.945137   5632.025045   4236.360523   3603.817479   2883.398756   3486.290107   3263.360528   5565.160372  15349.934627   5097.778414   2380.390700   2307.264105   2491.934933   2365.691430   2413.266040   2372.469583   1833.125505   2503.623844
40695.001640  45119.188514  25001.793540  24276.992356  22970.031741  21138.189340  19379.952310  14866.147815  13261.201080   9790.209355   9067.673504   8066.298068   7697.047941   9625.834202   6373.223605   7675.770796   6005.111132   6454.310312   4648.770748   5307.371352   4197.267804   4877.843358   3418.763318   2905.330869   4132.900186   2776.483535   2560.920746   5097.778414  14251.484773   4227.113560   2443.456598   2233.709455   2152.035770   2681.104321   2238.138483   1929.978250   2175.607729
31469.180047  39528.884708  30800.682438  20321.494694  18320.036790  17599.965093  19564.613428  11524.925853  11047.565643  11007.964736   9910.553068   6063.107921   7461.125886   8109.953449   5441.233036   6199.303099   6281.158190   5369.530429   5177.548032   4942.459813   3738.810789   4305.158418   3278.545338   3893.599314   2923.030149   2726.759423   2036.021613   2380.390700   4227.113560  11192.050219   3360.556062   1823.801501   1920.836902   2147.477523   2282.486751   1956.190486   1640.232654
23837.730309  28530.700674  21001.016079  21763.762758  23896.108877  19968.105883  16326.122942  11438.084681  13096.124803   8910.470952   6971.632232   8884.890279   6069.428709   5911.246491   5035.622171   5945.340641   5999.946884   5599.308024   4474.778353   4343.198913   4426.427038   3526.431188   3061.628959   2813.800576   3223.817019   2721.529311   2113.676121   2307.264105   2443.456598   3360.556062  11031.129691   2752.760502   1731.282159   1810.389382   1711.298131   1499.965655   1722.272110
36634.384465  33348.937503  19757.158858   6311.680707  20868.949487  11431.979988  17251.521613   9037.627830  10545.713670   6148.806602   4671.384718   3337.438978   5174.772105   6326.562666   4396.366542   3357.952034   4902.551631   3911.891166   4783.582826   3900.001347   4015.131806   3934.503483   3347.105252   2568.586569   1585.316180   2399.358384   1995.022542   2491.934933   2233.709455   1823.801501   2752.760502   9171.330592   2918.248408   1942.028612   1662.243310   1342.325635   1538.527252
10397.672023  41397.208053  22366.236141  13111.527470  16554.606028  11956.558581  16742.610781   6378.462771  10461.821231   8590.663993   7593.458742   6425.576863   5725.429277   5807.055601   4699.839381   4920.504060   5200.738812   4293.406299   2775.753577   4530.949905   4629.662935   3563.080936   3418.535317   2453.963316   2567.534416   1792.393095   1605.296513   2365.691430   2152.035770   1920.836902   1731.282159   2918.248408   9042.809690   2931.715595   2000.309178   1100.674853   1060.761532
12515.211088  34791.035365  20953.579331  19744.643041  23682.687774  16317.195893  15361.442864   8232.108900   9286.972516   7423.882620   6229.577379   5283.936915   5791.195785   5745.491154   2801.431678   4223.556647   3710.768798   4345.306666   3760.636697   3566.103871   3766.730572   3682.469418   2617.907039   2040.934965   2295.290663   2258.037412   1860.298959   2413.266040   2681.104321   2147.477523   1810.389382   1942.028612   2931.715595   7787.853861   2460.351730   1583.487987   1356.672601
10032.461028  11697.618149  15472.168142  21725.396353  16177.995688  12397.116581  14270.565176   8964.233953   7005.390311   3922.412324   7103.832850   5129.991827   3924.477744   5816.026638   4452.310757   3084.843257   3887.669630   3944.751779   3154.183926   4500.212193   3432.876201   3872.722891   3208.041526   2542.896164   2826.577654   2379.607873   2161.821314   2372.469583   2238.138483   2282.486751   1711.298131   1662.243310   2000.309178   2460.351730   7031.015418   2451.557742   1650.528839
10650.863231   8267.560226  22022.634106  18489.163567  14565.957002  12776.737659  10728.734030  10870.729437   8088.970173   5861.674508   7065.373968   4214.726778   3531.471794   5524.628930   3836.271926   4506.437726   3426.770846   4121.776431   2860.022923   3123.689120   2347.271994   2813.592986   2673.055743   2291.910969   1804.402547   1931.877568   1696.558931   1833.125505   1929.978250   1956.190486   1499.965655   1342.325635   1100.674853   1583.487987   2451.557742   6638.691621   1983.140041
21555.542896  20223.354668  13333.223219  15921.573744  15020.099133  13129.472193  11899.949276  11442.409382  10570.357240   7723.504861   7554.979193   5687.628688   4793.984116   5725.564104   3284.485846   3038.071042   3951.012953   4747.170784   3505.729819   3597.506330   2821.658954   2906.336656   2495.665628   2350.432000   2291.325653   2156.413138   1816.127840   2503.623844   2175.607729   1640.232654   1722.272110   1538.527252   1060.761532   1356.672601   1650.528839   1983.140041   5593.440298
