0.00998802  0.00122497  -0.00161005  -0.00227771  9.072e-05  0.000422454  0.000179895  9.30035e-05  -0.000180988  2.71459e-05  -3.61815e-05  -0.0001235  -5.17436e-05  8.44069e-05  0.000153411  9.38523e-05  -7.52764e-05  4.62708e-05  -9.12048e-05  -3.79401e-05  -1.46772e-05  5.09592e-05  7.21014e-05  -1.3299e-05  -1.35105e-05  -3.70224e-05  -1.8908e-05  -1.78591e-06  1.08382e-05  7.69447e-05  -4.64676e-05  -0.000131417  5.56495e-05  5.8092e-05  2.65479e-05  1.54012e-05  -1.50581e-05  -3.13187e-05  2.66696e-06  1.01742e-05  4.69865e-05  1.013e-05  -4.48424e-05  -2.34784e-05  -1.66813e-05  -5.82998e-06  8.14446e-05
0.00122497  0.0074792  0.000503188  -0.00114267  -0.00171469  0.00011604  0.000307969  2.03499e-05  -0.000129581  7.98969e-05  2.81265e-05  2.9256e-05  -0.000102107  8.39209e-05  7.45834e-05  -1.29827e-05  -0.000126028  -2.09305e-05  2.53451e-05  3.15096e-05  2.2404e-06  1.60358e-05  7.00036e-05  -0.000110129  -8.35337e-06  1.53183e-05  -3.13744e-05  5.70962e-05  4.21324e-05  4.59799e-05  -5.19372e-05  -9.10761e-05  5.18766e-05  2.04936e-05  1.98256e-05  -8.17396e-05  -1.62524e-05  2.85654e-05  5.78367e-05  1.12628e-05  -6.86493e-05  -7.14986e-05  6.74498e-05  2.60417e-05  -1.15779e-05  3.07085e-05  -2.29985e-05
-0.00161005  0.000503188  0.00572103  0.000635789  -0.00106073  -0.00129654  -2.31386e-05  0.000170835  0.000192721  3.73474e-06  -5.09612e-05  -6.61299e-06  -4.75355e-06  -2.84344e-05  2.66893e-05  0.000107174  4.06444e-05  -5.80849e-05  -7.16309e-05  2.89765e-05  1.64364e-05  -9.96196e-05  1.3264e-05  3.25416e-05  2.54496e-05  1.51107e-05  1.57568e-06  -2.28442e-05  9.75861e-06  -9.37383e-06  1.39097e-05  2.46197e-05  -5.02795e-06  3.76274e-05  -4.03708e-05  -5.19169e-05  -2.81896e-05  1.35261e-07  2.2591e-05  4.54287e-06  7.50268e-06  2.41288e-05  -2.80929e-05  4.98003e-05  2.01721e-05  -3.20229e-05  -6.42419e-05
-0.00227771  -0.00114267  0.000635789  0.00446154  0.000208183  -0.000905902  -0.000917824  -1.31151e-05  0.000166848  9.77903e-05  0.000109847  4.52443e-05  -8.98036e-05  -7.26983e-05  -3.33626e-05  1.52554e-05  1.84156e-05  -9.47739e-05  2.78341e-05  5.13021e-05  2.68974e-05  4.25597e-05  -2.49679e-05  -4.09016e-05  4.96627e-06  -1.89151e-05  5.59956e-06  -3.14382e-05  -1.08964e-05  1.94563e-06  5.99458e-05  3.64545e-05  -6.17757e-05  -1.12366e-05  6.61316e-05  2.95745e-05  -4.51421e-05  -5.33423e-05  -2.23582e-05  2.53479e-05  -1.78228e-05  6.72415e-05  2.52956e-05  -2.93757e-05  1.3146e-05  -7.49521e-05  1.71955e-05
9.072e-05  -0.00171469  -0.00106073  0.000208183  0.00332767  9.32299e-05  -0.000712653  -0.000701787  0.000118607  0.000114598  4.08094e-05  -6.22569e-05  -1.38769e-05  -1.16567e-05  -9.28044e-06  2.69078e-05  4.81272e-05  2.2282e-05  -1.54746e-06  -6.30322e-05  5.45779e-06  3.68667e-05  -6.85863e-05  2.05936e-05  2.79536e-05  3.80441e-05  1.44231e-05  -5.66887e-05  -7.16888e-06  -3.53978e-05  8.18378e-06  4.59792e-05  -1.49886e-05  -1.08235e-05  6.16035e-06  2.11604e-06  -1.65789e-06  3.73759e-05  -4.54463e-05  -6.77992e-06  1.13106e-05  8.82537e-06  -9.63023e-06  1.91203e-06  4.48019e-06  -1.23247e-05  4.24206e-05
0.000422454  0.00011604  -0.00129654  -0.000905902  9.32299e-05  0.00253683  0.000135321  -0.000452329  -0.000559488  -6.86284e-05  4.20192e-05  3.98198e-06  5.94962e-05  9.24367e-05  -2.16193e-05  -2.81782e-05  1.5395e-05  -1.9374e-05  -1.11131e-06  1.44713e-05  -1.26227e-05  -1.00762e-06  6.70983e-06  1.48007e-05  -2.31329e-05  -1.14619e-05  4.65096e-05  -2.37691e-05  -1.11467e-05  3.16213e-05  4.43541e-06  -6.4662e-06  1.75237e-05  -7.15111e-05  -2.50845e-05  7.16579e-06  5.77603e-05  2.26853e-05  -1.11151e-05  -7.78616e-06  2.8101e-05  -1.58189e-05  -3.70941e-05  -1.95072e-05  3.63296e-05  5.55621e-05  -3.15955e-05
0.000179895  0.000307969  -2.31386e-05  -0.000917824  -0.000712653  0.000135321  0.00174145  6.27821e-05  -0.000452982  -0.000390092  1.3913e-05  4.74457e-05  3.06597e-05  3.19534e-05  3.77451e-05  -2.67816e-05  -6.8379e-07  1.22467e-05  -1.96544e-05  -3.22362e-05  3.1129e-05  2.49384e-05  1.49051e-05  -2.45711e-05  -4.6046e-05  -3.21079e-05  5.21327e-05  4.74873e-05  -4.14425e-06  -7.60794e-06  -2.14983e-05  -2.47894e-05  1.8723e-05  2.0348e-05  -2.05553e-05  1.44751e-05  -1.6804e-06  -9.95297e-06  -8.8835e-06  3.11643e-05  1.41836e-05  -4.55574e-06  2.08027e-06  -2.33743e-05  -2.65689e-05  1.19565e-05  1.29639e-05
9.30035e-05  2.03499e-05  0.000170835  -1.31151e-05  -0.000701787  -0.000452329  6.27821e-05  0.00137459  -8.42974e-05  -0.000402461  -0.000302134  5.70748e-05  0.000105496  2.18763e-05  -1.47342e-06  3.11095e-06  -1.79994e-05  1.87454e-05  -5.77058e-06  -4.14886e-06  9.24657e-06  -8.47474e-06  -1.65917e-05  1.65774e-05  2.29401e-05  -4.7644e-07  -3.33906e-05  -3.40949e-05  3.04158e-05  1.47387e-05  8.27046e-06  -6.20171e-06  1.51717e-05  -1.23523e-05  -9.96815e-06  7.09654e-06  -1.48715e-06  6.06587e-07  9.84166e-06  2.81496e-06  -2.99131e-05  1.62149e-05  8.95012e-06  1.39379e-05  -1.35152e-05  -4.79353e-05  1.76472e-05
-0.000180988  -0.000129581  0.000192721  0.000166848  0.000118607  -0.000559488  -0.000452982  -8.42974e-05  0.00122118  4.00155e-05  -0.000328589  -0.000299828  2.86725e-05  5.31415e-05  -6.14472e-06  -5.68126e-06  3.36928e-06  4.40404e-05  2.23491e-05  -6.9295e-06  -1.50357e-05  -1.89556e-05  -2.70612e-05  1.40762e-05  1.59232e-05  2.69492e-05  -3.57669e-05  1.58336e-05  -1.28024e-05  -8.70043e-06  -2.95294e-06  1.50162e-05  -1.76703e-05  2.22518e-05  1.85102e-05  -6.10705e-06  8.27327e-06  -1.22823e-05  -1.55294e-06  -3.41021e-05  1.245e-05  -1.18358e-05  2.9428e-05  6.57747e-06  2.98921e-06  -4.26191e-05  1.39075e-05
2.71459e-05  7.98969e-05  3.73474e-06  9.77903e-05  0.000114598  -6.86284e-05  -0.000390092  -0.000402461  4.00155e-05  0.000946647  -6.22643e-06  -0.000263062  -0.000247414  4.38665e-05  5.18693e-05  1.4747e-05  -6.47114e-06  -3.13541e-05  8.03173e-06  2.27501e-05  -1.23704e-05  -4.51035e-06  1.40722e-05  -7.92284e-07  -1.56246e-05  -6.33984e-06  1.23908e-05  1.04999e-05  7.91687e-06  -6.87043e-06  4.52029e-06  -2.98774e-06  -1.87788e-06  7.70757e-07  -2.13737e-05  -1.78053e-05  4.90351e-06  1.99102e-05  1.34947e-05  1.10579e-06  4.12004e-07  -1.4895e-05  -1.04327e-05  3.3577e-07  2.19994e-06  5.17904e-05  -2.48115e-05
-3.61815e-05  2.81265e-05  -5.09612e-05  0.000109847  4.08094e-05  4.20192e-05  1.3913e-05  -0.000302134  -0.000328589  -6.22643e-06  0.000898763  -4.37494e-06  -0.000281134  -0.00026765  6.69799e-05  5.5658e-05  2.01572e-05  -2.29706e-05  -6.61941e-06  -2.9579e-07  -3.69535e-06  7.69547e-06  3.07583e-05  1.36521e-06  -2.30981e-05  -2.77632e-05  1.22901e-05  3.42453e-05  -1.01772e-05  -1.24996e-05  -3.59873e-06  -9.49985e-06  9.53573e-06  1.52914e-05  9.64869e-06  -7.50298e-06  -1.49646e-05  -3.80391e-08  1.82336e-05  -1.39088e-05  -5.45697e-06  9.73156e-06  -1.58951e-05  1.56514e-06  4.33722e-06  2.18121e-05  -6.71408e-06
-0.0001235  2.9256e-05  -6.61299e-06  4.52443e-05  -6.22569e-05  3.98198e-06  4.74457e-05  5.70748e-05  -0.000299828  -0.000263062  -4.37494e-06  0.000748535  -1.93187e-05  -0.000178236  -0.00020902  3.78198e-05  3.44575e-05  -4.31111e-06  -1.59537e-05  1.45978e-05  4.91113e-06  1.39675e-05  1.45354e-06  -2.53891e-05  3.51309e-05  2.0189e-05  -3.14153e-05  -2.47387e-05  1.16037e-05  2.07149e-06  -3.98439e-06  1.08707e-05  -1.95104e-06  -4.67539e-06  1.21496e-05  5.77408e-06  -2.71711e-05  -4.74707e-06  -1.18776e-07  2.88883e-05  -2.65938e-05  1.7873e-05  5.65502e-06  9.69013e-07  -9.89135e-06  -6.13907e-06  1.48326e-06
-5.17436e-05  -0.000102107  -4.75355e-06  -8.98036e-05  -1.38769e-05  5.94962e-05  3.06597e-05  0.000105496  2.86725e-05  -0.000247414  -0.000281134  -1.93187e-05  0.000758173  -8.05346e-06  -0.000211884  -0.000223154  3.0133e-05  4.36463e-05  2.74171e-05  -6.5342e-06  5.58113e-06  7.69146e-06  -2.95439e-05  2.72586e-05  1.08706e-05  1.47076e-06  -1.55752e-05  -1.10164e-05  1.05997e-05  -4.22968e-07  -3.91586e-06  1.34305e-05  -1.10529e-05  -1.56814e-05  4.9407e-06  -3.79018e-06  1.70573e-05  8.9082e-06  8.79265e-07  -6.83422e-06  -3.54283e-06  -4.37098e-06  -1.05811e-05  -3.51282e-06  2.51882e-05  6.62666e-06  -8.40482e-06
8.44069e-05  8.39209e-05  -2.84344e-05  -7.26983e-05  -1.16567e-05  9.24367e-05  3.19534e-05  2.18763e-05  5.31415e-05  4.38665e-05  -0.00026765  -0.000178236  -8.05346e-06  0.000664999  -4.53866e-05  -0.000188318  -0.000141687  4.209e-05  2.38815e-05  -1.37387e-05  8.21087e-07  1.88681e-06  -1.33503e-06  -7.12595e-06  -2.13626e-05  2.21047e-05  3.49732e-05  1.0713e-05  -2.18233e-05  -7.97494e-06  -1.96036e-06  -1.43831e-05  2.68429e-05  -2.22e-05  4.31187e-06  -1.50803e-06  1.06444e-05  -9.42909e-06  -1.96703e-07  1.41369e-06  5.81496e-08  -9.33813e-06  1.7875e-05  1.34675e-06  -2.44003e-05  -4.55258e-07  1.90099e-05
0.000153411  7.45834e-05  2.66893e-05  -3.33626e-05  -9.28044e-06  -2.16193e-05  3.77451e-05  -1.47342e-06  -6.14472e-06  5.18693e-05  6.69799e-05  -0.00020902  -0.000211884  -4.53866e-05  0.000603774  -6.3427e-06  -0.000140908  -0.000153798  1.36201e-05  1.35105e-05  2.66172e-05  1.14538e-05  1.63984e-05  -1.39577e-05  -1.18445e-05  -2.40971e-05  1.09808e-05  2.67624e-05  1.05246e-05  -2.76137e-06  -1.11679e-05  -2.731e-06  -8.36981e-06  9.28313e-06  -1.34141e-06  1.49309e-05  -7.76677e-06  -1.81524e-05  -5.03302e-06  -2.85264e-06  2.619e-05  6.85332e-06  -2.08192e-06  -7.37753e-06  -1.00722e-05  -4.27854e-06  3.16225e-06
9.38523e-05  -1.29827e-05  0.000107174  1.52554e-05  2.69078e-05  -2.81782e-05  -2.67816e-05  3.11095e-06  -5.68126e-06  1.4747e-05  5.5658e-05  3.78198e-05  -0.000223154  -0.000188318  -6.3427e-06  0.00057271  -4.36552e-05  -0.000151196  -0.000132516  3.52578e-05  1.84934e-05  3.83011e-06  1.13657e-05  9.82069e-06  9.04972e-06  -1.88852e-05  -1.41606e-05  -1.08689e-05  1.54379e-06  2.03727e-05  1.3159e-05  1.32206e-06  -2.22031e-05  1.28598e-05  -1.09026e-05  2.9154e-06  5.24646e-08  1.04672e-06  -2.91663e-08  2.30429e-05  -2.71478e-06  -1.27264e-05  1.03333e-06  -8.95692e-06  -5.37345e-06  2.52037e-05  -1.20248e-05
-7.52764e-05  -0.000126028  4.06444e-05  1.84156e-05  4.81272e-05  1.5395e-05  -6.8379e-07  -1.79994e-05  3.36928e-06  -6.47114e-06  2.01572e-05  3.44575e-05  3.0133e-05  -0.000141687  -0.000140908  -4.36552e-05  0.000465666  -9.45193e-06  -0.00013929  -0.000125785  2.15831e-05  1.86122e-05  1.97807e-06  -8.62596e-06  2.13962e-05  1.73356e-05  -1.59008e-06  -8.93419e-06  -2.15577e-05  9.10987e-06  4.372e-06  2.54144e-06  -2.74648e-06  1.04365e-05  1.87396e-06  -1.89884e-05  1.6151e-05  1.033e-05  -7.29025e-06  -1.31832e-05  -1.0194e-05  1.34462e-05  8.20751e-06  -1.31325e-05  1.83307e-05  -9.44688e-06  2.48657e-06
4.62708e-05  -2.09305e-05  -5.80849e-05  -9.47739e-05  2.2282e-05  -1.9374e-05  1.22467e-05  1.87454e-05  4.40404e-05  -3.13541e-05  -2.29706e-05  -4.31111e-06  4.36463e-05  4.209e-05  -0.000153798  -0.000151196  -9.45193e-06  0.000432247  -2.10317e-05  -0.000124894  -0.000121224  -5.78182e-06  3.0554e-05  1.78195e-05  3.67331e-06  -8.87842e-07  1.1939e-05  6.9771e-06  -9.97638e-06  -2.23048e-05  1.67379e-05  5.11302e-06  9.80307e-06  -1.9658e-05  5.8375e-06  4.14295e-06  -9.49403e-06  1.64723e-05  -1.80137e-05  -3.77594e-06  4.63842e-06  6.69604e-06  -1.30915e-05  1.44398e-05  6.66588e-06  -1.21724e-05  1.38542e-06
-9.12048e-05  2.53451e-05  -7.16309e-05  2.78341e-05  -1.54746e-06  -1.11131e-06  -1.96544e-05  -5.77058e-06  2.23491e-05  8.03173e-06  -6.61941e-06  -1.59537e-05  2.74171e-05  2.38815e-05  1.36201e-05  -0.000132516  -0.00013929  -2.10317e-05  0.000414485  -3.67101e-06  -0.000117942  -0.000117521  1.0711e-05  3.69423e-05  -2.48993e-06  -9.15484e-06  1.31445e-05  -7.04121e-06  1.38481e-05  -1.11076e-05  -1.0452e-05  8.45494e-07  9.88902e-06  4.29173e-06  8.16068e-06  -7.91155e-06  -3.75586e-06  -8.08595e-06  3.15533e-06  -6.15683e-06  2.79654e-06  -4.71883e-07  1.33652e-06  1.53507e-05  -7.91415e-06  -1.24336e-05  3.53478e-06
-3.79401e-05  3.15096e-05  2.89765e-05  5.13021e-05  -6.30322e-05  1.44713e-05  -3.22362e-05  -4.14886e-06  -6.9295e-06  2.27501e-05  -2.9579e-07  1.45978e-05  -6.5342e-06  -1.37387e-05  1.35105e-05  3.52578e-05  -0.000125785  -0.000124894  -3.67101e-06  0.000421814  -1.90386e-05  -0.000124195  -0.000126405  4.74769e-06  3.07008e-05  2.05679e-05  -4.4381e-06  -3.58886e-06  -5.45022e-06  1.33712e-05  6.30543e-06  -3.82377e-06  2.28268e-06  -9.74237e-06  -8.22958e-06  4.81355e-06  -2.48666e-06  7.70137e-06  2.08639e-05  -1.38032e-05  -8.31895e-06  -2.17884e-06  9.50816e-06  -2.3031e-07  -9.33653e-06  6.19621e-06  -6.75511e-06
-1.46772e-05  2.2404e-06  1.64364e-05  2.68974e-05  5.45779e-06  -1.26227e-05  3.1129e-05  9.24657e-06  -1.50357e-05  -1.23704e-05  -3.69535e-06  4.91113e-06  5.58113e-06  8.21087e-07  2.66172e-05  1.84934e-05  2.15831e-05  -0.000121224  -0.000117942  -1.90386e-05  0.000371854  -1.27507e-05  -0.000115091  -9.81497e-05  1.82743e-05  3.58343e-05  -1.18572e-07  8.63102e-07  3.95477e-06  -2.39335e-06  -1.32758e-05  8.11888e-06  3.14468e-08  2.23506e-05  -2.55582e-05  5.06783e-06  -7.57144e-06  -4.43411e-06  6.03301e-06  2.02748e-05  1.64121e-05  -2.32996e-05  -1.73379e-05  -1.33201e-05  2.28363e-05  1.02301e-05  8.62094e-06
5.09592e-05  1.60358e-05  -9.96196e-05  4.25597e-05  3.68667e-05  -1.00762e-06  2.49384e-05  -8.47474e-06  -1.89556e-05  -4.51035e-06  7.69547e-06  1.39675e-05  7.69146e-06  1.88681e-06  1.14538e-05  3.83011e-06  1.86122e-05  -5.78182e-06  -0.000117521  -0.000124195  -1.27507e-05  0.000413487  -8.47602e-06  -0.000123925  -0.00011644  6.8521e-06  2.16591e-05  1.4891e-05  7.04883e-06  4.40657e-06  2.97751e-06  6.36757e-07  -5.80439e-06  -9.15194e-06  7.64141e-06  -5.74235e-06  1.46766e-05  -4.47387e-06  3.01681e-07  9.08338e-06  -1.28247e-05  5.51655e-06  -2.41382e-06  -5.98505e-06  -9.48578e-06  6.78054e-06  1.3239e-05
7.21014e-05  7.00036e-05  1.3264e-05  -2.49679e-05  -6.85863e-05  6.70983e-06  1.49051e-05  -1.65917e-05  -2.70612e-05  1.40722e-05  3.07583e-05  1.45354e-06  -2.95439e-05  -1.33503e-06  1.63984e-05  1.13657e-05  1.97807e-06  3.0554e-05  1.0711e-05  -0.000126405  -0.000115091  -8.47602e-06  0.000371835  -1.13734e-05  -0.000103175  -0.000110658  1.98831e-05  5.1229e-06  1.53966e-05  1.57618e-05  -6.38691e-06  -1.85908e-05  3.59861e-06  3.00514e-06  2.24811e-05  6.2642e-06  -4.10679e-06  -1.67387e-05  -1.06251e-05  -5.76509e-06  6.95539e-06  1.94162e-05  4.60596e-07  4.39159e-06  -7.58685e-06  -9.21125e-06  -9.27213e-06
-1.3299e-05  -0.000110129  3.25416e-05  -4.09016e-05  2.05936e-05  1.48007e-05  -2.45711e-05  1.65774e-05  1.40762e-05  -7.92284e-07  1.36521e-06  -2.53891e-05  2.72586e-05  -7.12595e-06  -1.39577e-05  9.82069e-06  -8.62596e-06  1.78195e-05  3.69423e-05  4.74769e-06  -9.81497e-05  -0.000123925  -1.13734e-05  0.000349109  -3.25329e-05  -9.66786e-05  -0.000105114  3.31726e-05  1.44047e-05  6.20959e-06  1.05055e-05  2.90803e-06  -1.07219e-05  3.16407e-06  -4.55016e-06  9.26686e-06  6.5136e-06  -2.18818e-06  -8.03503e-06  -8.87867e-06  7.59609e-06  -6.32931e-06  7.31754e-06  9.19894e-06  1.04541e-05  -1.35711e-05  -1.62277e-05
-1.35105e-05  -8.35337e-06  2.54496e-05  4.96627e-06  2.79536e-05  -2.31329e-05  -4.6046e-05  2.29401e-05  1.59232e-05  -1.56246e-05  -2.30981e-05  3.51309e-05  1.08706e-05  -2.13626e-05  -1.18445e-05  9.04972e-06  2.13962e-05  3.67331e-06  -2.48993e-06  3.07008e-05  1.82743e-05  -0.00011644  -0.000103175  -3.25329e-05  0.000330606  3.36736e-06  -9.63611e-05  -8.64442e-05  1.2407e-05  1.60024e-05  3.44492e-06  -2.81301e-06  -3.55187e-06  1.11784e-05  5.77534e-06  -7.44643e-06  -7.72333e-07  1.26988e-05  7.39719e-07  -6.12656e-06  -1.25199e-05  -2.53145e-06  1.94012e-07  3.07866e-06  8.85889e-06  5.59893e-06  -6.22684e-06
-3.70224e-05  1.53183e-05  1.51107e-05  -1.89151e-05  3.80441e-05  -1.14619e-05  -3.21079e-05  -4.7644e-07  2.69492e-05  -6.33984e-06  -2.77632e-05  2.0189e-05  1.47076e-06  2.21047e-05  -2.40971e-05  -1.88852e-05  1.73356e-05  -8.87842e-07  -9.15484e-06  2.05679e-05  3.58343e-05  6.8521e-06  -0.000110658  -9.66786e-05  3.36736e-06  0.00031413  -3.46743e-06  -9.61966e-05  -9.62814e-05  -6.58007e-06  1.07049e-05  3.48247e-05  2.32194e-06  5.60743e-07  -6.40148e-06  -1.03014e-05  -5.6542e-06  9.0462e-06  4.6417e-06  1.11369e-05  -3.70523e-06  -1.41105e-06  -3.46605e-07  -1.02055e-06  -1.09666e-05  -3.53028e-06  6.942e-06
-1.8908e-05  -3.13744e-05  1.57568e-06  5.59956e-06  1.44231e-05  4.65096e-05  5.21327e-05  -3.33906e-05  -3.57669e-05  1.23908e-05  1.22901e-05  -3.14153e-05  -1.55752e-05  3.49732e-05  1.09808e-05  -1.41606e-05  -1.59008e-06  1.1939e-05  1.31445e-05  -4.4381e-06  -1.18572e-07  2.16591e-05  1.98831e-05  -0.000105114  -9.63611e-05  -3.46743e-06  0.000318909  -3.57388e-05  -9.30312e-05  -8.66325e-05  3.23821e-05  1.34621e-05  2.13374e-05  -2.93136e-05  6.3973e-06  -1.78779e-07  8.80451e-06  -1.20413e-05  -3.65532e-06  6.82379e-06  8.38403e-06  4.72065e-06  -6.00154e-06  -1.09595e-06  -4.05682e-06  1.58263e-06  4.20132e-06
-1.78591e-06  5.70962e-05  -2.28442e-05  -3.14382e-05  -5.66887e-05  -2.37691e-05  4.74873e-05  -3.40949e-05  1.58336e-05  1.04999e-05  3.42453e-05  -2.47387e-05  -1.10164e-05  1.0713e-05  2.67624e-05  -1.08689e-05  -8.93419e-06  6.9771e-06  -7.04121e-06  -3.58886e-06  8.63102e-07  1.4891e-05  5.1229e-06  3.31726e-05  -8.64442e-05  -9.61966e-05  -3.57388e-05  0.000295871  -5.38323e-06  -8.15436e-05  -8.94405e-05  1.3145e-05  2.4668e-05  1.43373e-05  -1.31079e-05  2.8463e-06  -3.67407e-08  1.04325e-06  -2.03769e-06  -1.88771e-06  5.43437e-06  1.5918e-06  5.10015e-06  -5.59999e-06  -8.7053e-06  1.17994e-05  6.55609e-07
1.08382e-05  4.21324e-05  9.75861e-06  -1.08964e-05  -7.16888e-06  -1.11467e-05  -4.14425e-06  3.04158e-05  -1.28024e-05  7.91687e-06  -1.01772e-05  1.16037e-05  1.05997e-05  -2.18233e-05  1.05246e-05  1.54379e-06  -2.15577e-05  -9.97638e-06  1.38481e-05  -5.45022e-06  3.95477e-06  7.04883e-06  1.53966e-05  1.44047e-05  1.2407e-05  -9.62814e-05  -9.30312e-05  -5.38323e-06  0.000298273  -2.96463e-06  -9.6853e-05  -8.82779e-05  9.73336e-06  2.62011e-05  2.98445e-06  -1.6711e-06  3.02341e-06  6.47542e-06  2.65184e-06  -3.89105e-07  -1.2189e-05  -1.59364e-05  9.27063e-06  1.24587e-06  1.34266e-05  6.04736e-06  -4.93738e-06
7.69447e-05  4.59799e-05  -9.37383e-06  1.94563e-06  -3.53978e-05  3.16213e-05  -7.60794e-06  1.47387e-05  -8.70043e-06  -6.87043e-06  -1.24996e-05  2.07149e-06  -4.22968e-07  -7.97494e-06  -2.76137e-06  2.03727e-05  9.10987e-06  -2.23048e-05  -1.11076e-05  1.33712e-05  -2.39335e-06  4.40657e-06  1.57618e-05  6.20959e-06  1.60024e-05  -6.58007e-06  -8.66325e-05  -8.15436e-05  -2.96463e-06  0.000286346  -1.82025e-05  -9.01845e-05  -9.00272e-05  2.29592e-05  2.58154e-05  8.31153e-06  -5.53172e-06  -8.42445e-06  1.2518e-05  7.4373e-07  -3.39351e-06  8.53479e-07  -4.10193e-06  6.66375e-06  -4.41622e-07  3.45899e-06  -9.19557e-06
-4.64676e-05  -5.19372e-05  1.39097e-05  5.99458e-05  8.18378e-06  4.43541e-06  -2.14983e-05  8.27046e-06  -2.95294e-06  4.52029e-06  -3.59873e-06  -3.98439e-06  -3.91586e-06  -1.96036e-06  -1.11679e-05  1.3159e-05  4.372e-06  1.67379e-05  -1.0452e-05  6.30543e-06  -1.32758e-05  2.97751e-06  -6.38691e-06  1.05055e-05  3.44492e-06  1.07049e-05  3.23821e-05  -8.94405e-05  -9.6853e-05  -1.82025e-05  0.000297156  -1.36992e-05  -8.91332e-05  -8.20331e-05  9.67378e-06  2.98661e-05  3.67715e-06  -1.76736e-06  1.73686e-06  3.5309e-06  6.98245e-06  -3.18381e-06  -1.52853e-05  -3.16583e-06  6.61144e-06  -1.12518e-05  2.39629e-05
-0.000131417  -9.10761e-05  2.46197e-05  3.64545e-05  4.59792e-05  -6.4662e-06  -2.47894e-05  -6.20171e-06  1.50162e-05  -2.98774e-06  -9.49985e-06  1.08707e-05  1.34305e-05  -1.43831e-05  -2.731e-06  1.32206e-06  2.54144e-06  5.11302e-06  8.45494e-07  -3.82377e-06  8.11888e-06  6.36757e-07  -1.85908e-05  2.90803e-06  -2.81301e-06  3.48247e-05  1.34621e-05  1.3145e-05  -8.82779e-05  -9.01845e-05  -1.36992e-05  0.000270924  -1.81638e-05  -8.32415e-05  -7.80128e-05  1.23463e-05  2.74925e-05  2.42473e-05  -9.65988e-06  -1.69581e-05  -2.46015e-06  1.86821e-05  8.22851e-06  -2.37139e-08  -1.27381e-05  -8.60435e-06  -5.04373e-06
5.56495e-05  5.18766e-05  -5.02795e-06  -6.17757e-05  -1.49886e-05  1.75237e-05  1.8723e-05  1.51717e-05  -1.76703e-05  -1.87788e-06  9.53573e-06  -1.95104e-06  -1.10529e-05  2.68429e-05  -8.36981e-06  -2.22031e-05  -2.74648e-06  9.80307e-06  9.88902e-06  2.28268e-06  3.14468e-08  -5.80439e-06  3.59861e-06  -1.07219e-05  -3.55187e-06  2.32194e-06  2.13374e-05  2.4668e-05  9.73336e-06  -9.00272e-05  -8.91332e-05  -1.81638e-05  0.000301456  -2.89625e-05  -8.78581e-05  -8.31838e-05  9.58859e-06  2.14401e-05  1.91481e-05  -5.10303e-07  9.01848e-07  -1.25843e-05  4.98683e-06  4.60993e-07  1.87079e-06  -5.75469e-06  5.37469e-06
5.8092e-05  2.04936e-05  3.76274e-05  -1.12366e-05  -1.08235e-05  -7.15111e-05  2.0348e-05  -1.23523e-05  2.22518e-05  7.70757e-07  1.52914e-05  -4.67539e-06  -1.56814e-05  -2.22e-05  9.28313e-06  1.28598e-05  1.04365e-05  -1.9658e-05  4.29173e-06  -9.74237e-06  2.23506e-05  -9.15194e-06  3.00514e-06  3.16407e-06  1.11784e-05  5.60743e-07  -2.93136e-05  1.43373e-05  2.62011e-05  2.29592e-05  -8.20331e-05  -8.32415e-05  -2.89625e-05  0.000273189  -1.63669e-05  -7.20932e-05  -7.80199e-05  4.73601e-06  1.98628e-05  1.25751e-05  -2.26287e-06  -1.13662e-07  5.03532e-06  5.09855e-06  -3.32438e-06  1.97304e-06  -1.23107e-05
2.65479e-05  1.98256e-05  -4.03708e-05  6.61316e-05  6.16035e-06  -2.50845e-05  -2.05553e-05  -9.96815e-06  1.85102e-05  -2.13737e-05  9.64869e-06  1.21496e-05  4.9407e-06  4.31187e-06  -1.34141e-06  -1.09026e-05  1.87396e-06  5.8375e-06  8.16068e-06  -8.22958e-06  -2.55582e-05  7.64141e-06  2.24811e-05  -4.55016e-06  5.77534e-06  -6.40148e-06  6.3973e-06  -1.31079e-05  2.98445e-06  2.58154e-05  9.67378e-06  -7.80128e-05  -8.78581e-05  -1.63669e-05  0.000288956  -1.21299e-05  -6.64853e-05  -9.91989e-05  -9.12543e-06  1.18636e-05  2.93504e-05  2.57349e-06  2.00797e-06  1.26978e-06  -1.91344e-06  4.00071e-06  -6.95638e-06
1.54012e-05  -8.17396e-05  -5.19169e-05  2.95745e-05  2.11604e-06  7.16579e-06  1.44751e-05  7.09654e-06  -6.10705e-06  -1.78053e-05  -7.50298e-06  5.77408e-06  -3.79018e-06  -1.50803e-06  1.49309e-05  2.9154e-06  -1.89884e-05  4.14295e-06  -7.91155e-06  4.81355e-06  5.06783e-06  -5.74235e-06  6.2642e-06  9.26686e-06  -7.44643e-06  -1.03014e-05  -1.78779e-07  2.8463e-06  -1.6711e-06  8.31153e-06  2.98661e-05  1.23463e-05  -8.31838e-05  -7.20932e-05  -1.21299e-05  0.000265686  -2.91329e-05  -7.19286e-05  -7.36743e-05  9.89605e-06  1.45291e-05  8.20608e-06  -3.23376e-06  -6.23282e-09  1.32454e-05  -1.68429e-05  1.27874e-05
-1.50581e-05  -1.62524e-05  -2.81896e-05  -4.51421e-05  -1.65789e-06  5.77603e-05  -1.6804e-06  -1.48715e-06  8.27327e-06  4.90351e-06  -1.49646e-05  -2.71711e-05  1.70573e-05  1.06444e-05  -7.76677e-06  5.24646e-08  1.6151e-05  -9.49403e-06  -3.75586e-06  -2.48666e-06  -7.57144e-06  1.46766e-05  -4.10679e-06  6.5136e-06  -7.72333e-07  -5.6542e-06  8.80451e-06  -3.67407e-08  3.02341e-06  -5.53172e-06  3.67715e-06  2.74925e-05  9.58859e-06  -7.80199e-05  -6.64853e-05  -2.91329e-05  0.000247575  -1.56131e-05  -6.48388e-05  -5.72802e-05  1.17164e-05  2.04578e-06  1.96692e-06  -3.36961e-06  8.11334e-06  9.43721e-06  3.69991e-08
-3.13187e-05  2.85654e-05  1.35261e-07  -5.33423e-05  3.73759e-05  2.26853e-05  -9.95297e-06  6.06587e-07  -1.22823e-05  1.99102e-05  -3.80391e-08  -4.74707e-06  8.9082e-06  -9.42909e-06  -1.81524e-05  1.04672e-06  1.033e-05  1.64723e-05  -8.08595e-06  7.70137e-06  -4.43411e-06  -4.47387e-06  -1.67387e-05  -2.18818e-06  1.26988e-05  9.0462e-06  -1.20413e-05  1.04325e-06  6.47542e-06  -8.42445e-06  -1.76736e-06  2.42473e-05  2.14401e-05  4.73601e-06  -9.91989e-05  -7.19286e-05  -1.56131e-05  0.000287436  -2.05439e-05  -8.68171e-05  -8.57334e-05  3.25208e-05  1.64257e-05  -5.2175e-06  -2.44519e-06  1.24991e-05  -2.49817e-06
2.66696e-06  5.78367e-05  2.2591e-05  -2.23582e-05  -4.54463e-05  -1.11151e-05  -8.8835e-06  9.84166e-06  -1.55294e-06  1.34947e-05  1.82336e-05  -1.18776e-07  8.79265e-07  -1.96703e-07  -5.03302e-06  -2.91663e-08  -7.29025e-06  -1.80137e-05  3.15533e-06  2.08639e-05  6.03301e-06  3.01681e-07  -1.06251e-05  -8.03503e-06  7.39719e-07  4.6417e-06  -3.65532e-06  -2.03769e-06  2.65184e-06  1.2518e-05  1.73686e-06  -9.65988e-06  1.91481e-05  1.98628e-05  -9.12543e-06  -7.36743e-05  -6.48388e-05  -2.05439e-05  0.000258565  -2.10553e-05  -8.41986e-05  -6.47675e-05  9.34183e-06  2.29357e-05  3.16092e-06  2.56452e-06  7.35714e-06
1.01742e-05  1.12628e-05  4.54287e-06  2.53479e-05  -6.77992e-06  -7.78616e-06  3.11643e-05  2.81496e-06  -3.41021e-05  1.10579e-06  -1.39088e-05  2.88883e-05  -6.83422e-06  1.41369e-06  -2.85264e-06  2.30429e-05  -1.31832e-05  -3.77594e-06  -6.15683e-06  -1.38032e-05  2.02748e-05  9.08338e-06  -5.76509e-06  -8.87867e-06  -6.12656e-06  1.11369e-05  6.82379e-06  -1.88771e-06  -3.89105e-07  7.4373e-07  3.5309e-06  -1.69581e-05  -5.10303e-07  1.25751e-05  1.18636e-05  9.89605e-06  -5.72802e-05  -8.68171e-05  -2.10553e-05  0.000270263  -1.45175e-05  -8.52772e-05  -7.73432e-05  2.54808e-05  2.13644e-05  2.66059e-05  -2.24085e-05
4.69865e-05  -6.86493e-05  7.50268e-06  -1.78228e-05  1.13106e-05  2.8101e-05  1.41836e-05  -2.99131e-05  1.245e-05  4.12004e-07  -5.45697e-06  -2.65938e-05  -3.54283e-06  5.81496e-08  2.619e-05  -2.71478e-06  -1.0194e-05  4.63842e-06  2.79654e-06  -8.31895e-06  1.64121e-05  -1.28247e-05  6.95539e-06  7.59609e-06  -1.25199e-05  -3.70523e-06  8.38403e-06  5.43437e-06  -1.2189e-05  -3.39351e-06  6.98245e-06  -2.46015e-06  9.01848e-07  -2.26287e-06  2.93504e-05  1.45291e-05  1.17164e-05  -8.57334e-05  -8.41986e-05  -1.45175e-05  0.000270544  -2.89093e-05  -6.66523e-05  -7.91777e-05  1.80504e-05  1.23499e-05  3.94846e-05
1.013e-05  -7.14986e-05  2.41288e-05  6.72415e-05  8.82537e-06  -1.58189e-05  -4.55574e-06  1.62149e-05  -1.18358e-05  -1.4895e-05  9.73156e-06  1.7873e-05  -4.37098e-06  -9.33813e-06  6.85332e-06  -1.27264e-05  1.34462e-05  6.69604e-06  -4.71883e-07  -2.17884e-06  -2.32996e-05  5.51655e-06  1.94162e-05  -6.32931e-06  -2.53145e-06  -1.41105e-06  4.72065e-06  1.5918e-06  -1.59364e-05  8.53479e-07  -3.18381e-06  1.86821e-05  -1.25843e-05  -1.13662e-07  2.57349e-06  8.20608e-06  2.04578e-06  3.25208e-05  -6.47675e-05  -8.52772e-05  -2.89093e-05  0.000278021  -1.49828e-05  -8.43907e-05  -0.000105637  2.5917e-05  3.5786e-05
-4.48424e-05  6.74498e-05  -2.80929e-05  2.52956e-05  -9.63023e-06  -3.70941e-05  2.08027e-06  8.95012e-06  2.9428e-05  -1.04327e-05  -1.58951e-05  5.65502e-06  -1.05811e-05  1.7875e-05  -2.08192e-06  1.03333e-06  8.20751e-06  -1.30915e-05  1.33652e-06  9.50816e-06  -1.73379e-05  -2.41382e-06  4.60596e-07  7.31754e-06  1.94012e-07  -3.46605e-07  -6.00154e-06  5.10015e-06  9.27063e-06  -4.10193e-06  -1.52853e-05  8.22851e-06  4.98683e-06  5.03532e-06  2.00797e-06  -3.23376e-06  1.96692e-06  1.64257e-05  9.34183e-06  -7.73432e-05  -6.66523e-05  -1.49828e-05  0.000261747  -3.06268e-05  -9.43854e-05  -0.000102576  2.91816e-05
-2.34784e-05  2.60417e-05  4.98003e-05  -2.93757e-05  1.91203e-06  -1.95072e-05  -2.33743e-05  1.39379e-05  6.57747e-06  3.3577e-07  1.56514e-06  9.69013e-07  -3.51282e-06  1.34675e-06  -7.37753e-06  -8.95692e-06  -1.31325e-05  1.44398e-05  1.53507e-05  -2.3031e-07  -1.33201e-05  -5.98505e-06  4.39159e-06  9.19894e-06  3.07866e-06  -1.02055e-06  -1.09595e-06  -5.59999e-06  1.24587e-06  6.66375e-06  -3.16583e-06  -2.37139e-08  4.60993e-07  5.09855e-06  1.26978e-06  -6.23282e-09  -3.36961e-06  -5.2175e-06  2.29357e-05  2.54808e-05  -7.91777e-05  -8.43907e-05  -3.06268e-05  0.000273655  -1.79653e-05  -0.000108935  -0.000116686
-1.66813e-05  -1.15779e-05  2.01721e-05  1.3146e-05  4.48019e-06  3.63296e-05  -2.65689e-05  -1.35152e-05  2.98921e-06  2.19994e-06  4.33722e-06  -9.89135e-06  2.51882e-05  -2.44003e-05  -1.00722e-05  -5.37345e-06  1.83307e-05  6.66588e-06  -7.91415e-06  -9.33653e-06  2.28363e-05  -9.48578e-06  -7.58685e-06  1.04541e-05  8.85889e-06  -1.09666e-05  -4.05682e-06  -8.7053e-06  1.34266e-05  -4.41622e-07  6.61144e-06  -1.27381e-05  1.87079e-06  -3.32438e-06  -1.91344e-06  1.32454e-05  8.11334e-06  -2.44519e-06  3.16092e-06  2.13644e-05  1.80504e-05  -0.000105637  -9.43854e-05  -1.79653e-05  0.000385058  -6.49788e-05  -0.000146709
-5.82998e-06  3.07085e-05  -3.20229e-05  -7.49521e-05  -1.23247e-05  5.55621e-05  1.19565e-05  -4.79353e-05  -4.26191e-05  5.17904e-05  2.18121e-05  -6.13907e-06  6.62666e-06  -4.55258e-07  -4.27854e-06  2.52037e-05  -9.44688e-06  -1.21724e-05  -1.24336e-05  6.19621e-06  1.02301e-05  6.78054e-06  -9.21125e-06  -1.35711e-05  5.59893e-06  -3.53028e-06  1.58263e-06  1.17994e-05  6.04736e-06  3.45899e-06  -1.12518e-05  -8.60435e-06  -5.75469e-06  1.97304e-06  4.00071e-06  -1.68429e-05  9.43721e-06  1.24991e-05  2.56452e-06  2.66059e-05  1.23499e-05  2.5917e-05  -0.000102576  -0.000108935  -6.49788e-05  0.000446859  -9.18084e-05
8.14446e-05  -2.29985e-05  -6.42419e-05  1.71955e-05  4.24206e-05  -3.15955e-05  1.29639e-05  1.76472e-05  1.39075e-05  -2.48115e-05  -6.71408e-06  1.48326e-06  -8.40482e-06  1.90099e-05  3.16225e-06  -1.20248e-05  2.48657e-06  1.38542e-06  3.53478e-06  -6.75511e-06  8.62094e-06  1.3239e-05  -9.27213e-06  -1.62277e-05  -6.22684e-06  6.942e-06  4.20132e-06  6.55609e-07  -4.93738e-06  -9.19557e-06  2.39629e-05  -5.04373e-06  5.37469e-06  -1.23107e-05  -6.95638e-06  1.27874e-05  3.69991e-08  -2.49817e-06  7.35714e-06  -2.24085e-05  3.94846e-05  3.5786e-05  2.91816e-05  -0.000116686  -0.000146709  -9.18084e-05  0.000391475
