 1.01328e-05   7.80823e-06   7.15774e-06   6.04104e-06   5.02149e-06    4.3322e-06   4.16291e-06   3.64458e-06   3.35413e-06   2.98339e-06   2.67417e-06   2.51179e-06   2.02294e-06    1.6986e-06   1.56626e-06   1.54922e-06   1.24932e-06   1.18514e-06   1.14102e-06   8.33152e-07   7.17677e-07   5.85013e-07   4.89335e-07   6.03154e-07   5.67432e-07   4.28077e-07   3.91433e-07   2.63156e-07   2.75853e-07   3.62393e-07   2.55662e-07   1.80102e-07    2.1995e-07   1.07851e-07   3.77045e-08   8.72649e-08   2.86107e-08  -2.20872e-08  -1.13843e-07  -4.30555e-08   -6.6984e-08  -1.29886e-07  -3.82018e-08  -5.17461e-08  -7.56359e-08   5.33678e-08   2.64653e-08   7.63921e-08   7.33001e-08    9.9633e-09   2.55479e-08  -6.50308e-08  -7.67025e-08  -1.93002e-10    -5.817e-08  -9.68522e-09  -3.11914e-08
 7.80823e-06   8.14636e-06   6.73789e-06   5.81066e-06   5.02055e-06   4.43732e-06   4.10597e-06   3.56268e-06   3.17975e-06   2.98833e-06   2.64047e-06   2.61266e-06   2.06322e-06   1.74603e-06   1.58228e-06   1.57212e-06   1.31332e-06   1.18162e-06   1.17388e-06   8.65852e-07   8.13781e-07   7.16484e-07   6.34773e-07   6.55956e-07   6.30571e-07   5.00603e-07   4.79902e-07    3.0155e-07   4.05701e-07   4.05161e-07   2.69172e-07    1.8069e-07   2.10597e-07   6.94637e-08    3.1323e-08    5.6832e-08   2.31278e-08    1.0062e-09  -1.00948e-07  -3.64475e-08  -1.14177e-08  -8.22137e-08  -5.10203e-08  -6.69485e-08  -5.87948e-08     6.392e-08   2.09874e-08   4.57799e-08   7.47564e-08   4.18077e-08   4.94986e-08  -7.14583e-08  -6.55901e-08   7.68538e-09  -8.11103e-08  -4.35804e-08  -7.26834e-08
 7.15774e-06   6.73789e-06    7.5772e-06   6.14154e-06   5.42071e-06   4.77754e-06   4.56997e-06   3.98519e-06   3.59161e-06   3.31591e-06   2.91971e-06   2.75878e-06   2.21196e-06   1.86036e-06   1.65911e-06   1.74092e-06   1.41654e-06   1.32406e-06    1.2551e-06    9.5311e-07   9.14097e-07   7.66255e-07   6.89614e-07   7.52833e-07    6.4039e-07   5.63015e-07   4.34132e-07   3.54265e-07    3.7324e-07   3.63983e-07   2.93431e-07   1.87038e-07   1.88997e-07   1.55443e-08    1.0176e-08   4.32333e-08  -1.86468e-08  -7.21379e-08  -1.49457e-07  -5.80986e-08  -7.77989e-08  -1.46882e-07  -6.33932e-08   -1.0391e-07  -5.33695e-08   4.10647e-08   3.81354e-08   8.89848e-08   9.68038e-08   5.91083e-08   3.93371e-08  -4.70867e-08  -7.51119e-08  -5.29975e-09  -1.13628e-07  -1.06601e-07   -1.3343e-07
 6.04104e-06   5.81066e-06   6.14154e-06   6.39994e-06    5.4095e-06   4.69593e-06   4.51011e-06   3.93298e-06   3.60473e-06   3.21773e-06   2.86627e-06   2.73655e-06   2.27981e-06   1.89886e-06   1.74078e-06   1.82303e-06   1.49271e-06     1.325e-06   1.33944e-06    1.0616e-06   1.00999e-06   8.74841e-07   7.41836e-07   7.87203e-07   6.62486e-07   6.02949e-07   4.95106e-07   4.08389e-07   4.82158e-07   4.60629e-07   3.61223e-07   2.90966e-07   2.99348e-07   1.12403e-07   8.72012e-08   8.89992e-08    1.0307e-08  -1.14872e-08  -9.89853e-08   -5.0328e-09  -3.53747e-08  -1.08835e-07  -7.32184e-08  -8.68578e-08  -5.84837e-08   1.64437e-08   -9.3714e-09   2.13994e-08  -2.76115e-09  -5.59959e-08  -4.14968e-08  -1.20925e-07  -1.16378e-07   -5.7965e-08  -1.49314e-07  -1.32612e-07  -1.01656e-07
 5.02149e-06   5.02055e-06   5.42071e-06    5.4095e-06   5.84559e-06   4.70064e-06   4.59089e-06   3.96035e-06   3.56121e-06   3.22626e-06   2.85776e-06   2.67681e-06   2.29306e-06    1.9341e-06   1.77778e-06   1.89661e-06   1.62423e-06   1.36245e-06   1.33687e-06   1.14211e-06   9.97072e-07    8.6677e-07   6.75107e-07   7.39179e-07   5.48801e-07   4.89883e-07     3.627e-07   3.15335e-07   3.88218e-07   3.80746e-07   3.42662e-07   2.25385e-07   2.71211e-07   1.13045e-07   6.24435e-08   8.98812e-08   3.55278e-08   6.97028e-09  -6.88095e-08  -2.33717e-08  -4.56591e-08  -1.18401e-07   -7.4241e-08  -1.24051e-07  -1.04789e-07  -2.48456e-08  -4.97085e-08   1.85783e-08   2.76718e-08  -7.02667e-08  -6.47884e-08  -1.26748e-07  -1.41713e-07  -6.49947e-08  -1.72397e-07   -1.5416e-07  -1.57604e-07
  4.3322e-06   4.43732e-06   4.77754e-06   4.69593e-06   4.70064e-06   5.05264e-06   4.41762e-06   3.89288e-06   3.52662e-06   3.20529e-06   2.82909e-06   2.69286e-06   2.22171e-06   1.84928e-06   1.69791e-06    1.7094e-06   1.45424e-06   1.30203e-06   1.20843e-06    1.0259e-06   9.12676e-07   7.77424e-07   5.98153e-07   6.66634e-07   5.58724e-07    4.9808e-07   3.75922e-07   3.92899e-07   4.67633e-07   4.51737e-07   4.02599e-07   3.02595e-07   3.46269e-07    1.8963e-07   1.14818e-07    1.2156e-07   7.21013e-08   5.28991e-08  -3.91824e-08   9.87417e-09   4.90763e-08  -4.42231e-09   2.20811e-08  -1.14852e-08   1.42877e-08   8.87446e-08   4.46628e-08   9.67626e-08   1.06158e-07   2.72973e-09   7.93215e-09  -5.41825e-08  -6.23778e-08  -2.77849e-08  -1.25269e-07  -1.25369e-07  -1.33809e-07
 4.16291e-06   4.10597e-06   4.56997e-06   4.51011e-06   4.59089e-06   4.41762e-06   5.20985e-06     4.281e-06   3.98674e-06   3.56478e-06   3.20825e-06   3.01408e-06   2.66245e-06   2.27542e-06   2.01522e-06   2.04686e-06   1.72275e-06   1.50092e-06   1.38117e-06   1.22117e-06   1.05713e-06   8.73062e-07   6.82254e-07   7.37361e-07   5.83308e-07   4.97435e-07   3.55002e-07   3.30602e-07    3.9852e-07   4.24882e-07   3.48919e-07   2.25163e-07   2.87837e-07   1.53637e-07   1.05868e-07   9.56345e-08   3.07058e-08   2.10915e-08  -1.43293e-08   3.48516e-08   1.64004e-08  -2.83951e-08   -4.4911e-09  -6.69971e-08  -3.34578e-09   3.58629e-08   3.58005e-08   6.02761e-08   1.07195e-07  -1.85384e-08  -2.29468e-08  -7.50643e-08  -7.42402e-08  -1.76831e-08   -1.2642e-07  -1.17222e-07  -1.15937e-07
 3.64458e-06   3.56268e-06   3.98519e-06   3.93298e-06   3.96035e-06   3.89288e-06     4.281e-06   4.54542e-06   3.86136e-06   3.53418e-06    3.1599e-06   2.94001e-06   2.62019e-06   2.14212e-06   1.99678e-06   2.01873e-06   1.69121e-06   1.43721e-06   1.32357e-06   1.15656e-06   1.01595e-06   8.31006e-07   6.85419e-07   7.66249e-07   6.23364e-07   5.98745e-07   4.66103e-07   4.32584e-07   4.67974e-07   4.74915e-07   4.03939e-07   2.94612e-07   3.32578e-07   1.33105e-07   1.43905e-07   1.48768e-07   7.41329e-08   5.26715e-08    6.0627e-09   6.54718e-08   6.95854e-08   5.39016e-09   4.51216e-08  -3.99135e-08    2.7772e-08    6.5629e-08   4.42503e-08   4.97197e-08   1.09541e-07  -2.07863e-08  -2.53176e-08  -8.15449e-08  -8.73549e-08  -2.10235e-09  -8.09446e-08  -6.16408e-08  -7.69072e-08
 3.35413e-06   3.17975e-06   3.59161e-06   3.60473e-06   3.56121e-06   3.52662e-06   3.98674e-06   3.86136e-06   4.18404e-06   3.61508e-06   3.27739e-06   3.05596e-06   2.70698e-06   2.27715e-06   2.03361e-06   2.07785e-06    1.7253e-06   1.48678e-06   1.33262e-06   1.22625e-06   1.01302e-06   8.06411e-07   6.75829e-07   7.37424e-07   5.97689e-07   5.44656e-07    4.4923e-07   3.93051e-07     4.755e-07   4.39019e-07   3.47593e-07   2.30368e-07    2.6705e-07   9.48985e-08   7.68314e-08   9.48452e-08   4.64735e-08   5.51904e-08  -2.01418e-08   3.27248e-08   1.21911e-08  -2.25298e-08   1.54039e-08  -7.29852e-08  -1.72989e-08   6.37313e-10  -1.63951e-09   8.83646e-09   8.57955e-08   -3.3136e-08  -4.78221e-08  -8.40066e-08  -7.82081e-08   2.85844e-09  -4.86724e-08  -3.04399e-08   -1.8397e-08
 2.98339e-06   2.98833e-06   3.31591e-06   3.21773e-06   3.22626e-06   3.20529e-06   3.56478e-06   3.53418e-06   3.61508e-06   3.99085e-06   3.44059e-06   3.23378e-06   2.85569e-06   2.38417e-06   2.15861e-06   2.10171e-06   1.77902e-06    1.5443e-06   1.32374e-06   1.25012e-06   1.07987e-06   9.01302e-07   8.23796e-07     8.668e-07   7.34298e-07   6.66712e-07   5.79292e-07   4.44621e-07   5.14761e-07   4.81632e-07   4.15946e-07   2.50925e-07   2.88742e-07   8.00733e-08   5.72018e-08   4.43176e-08    2.9215e-08   2.06699e-08  -1.72197e-08   2.30683e-08    7.8521e-09  -1.84719e-08   7.82867e-09   -1.0742e-07  -4.35317e-08  -6.64424e-11  -7.67926e-11   1.44745e-09   7.83206e-08  -7.13883e-09  -4.22765e-09   -6.3023e-08  -5.03591e-08   1.49004e-08  -4.42121e-08  -1.56473e-08   8.79989e-09
 2.67417e-06   2.64047e-06   2.91971e-06   2.86627e-06   2.85776e-06   2.82909e-06   3.20825e-06    3.1599e-06   3.27739e-06   3.44059e-06   3.65289e-06   3.21871e-06   2.86495e-06   2.48573e-06   2.29807e-06   2.25788e-06   1.90788e-06   1.65953e-06   1.42134e-06   1.28063e-06   1.14944e-06   9.79422e-07   8.80012e-07   9.15544e-07   7.46014e-07     6.965e-07   5.76661e-07   4.76607e-07   5.04636e-07   4.56812e-07   3.86184e-07   2.37048e-07   2.77092e-07   7.16654e-08   5.25126e-08   2.67047e-08   2.51881e-09  -4.47389e-10  -1.66474e-08   6.16163e-09  -2.35551e-08  -4.06722e-08  -2.50799e-08  -1.03416e-07  -6.36696e-08  -2.00549e-08  -5.33425e-08  -3.27269e-08   1.58962e-08  -6.19739e-08  -7.14163e-08  -1.23942e-07  -9.21889e-08  -1.30595e-08  -7.10222e-08  -4.30002e-08  -2.89182e-08
 2.51179e-06   2.61266e-06   2.75878e-06   2.73655e-06   2.67681e-06   2.69286e-06   3.01408e-06   2.94001e-06   3.05596e-06   3.23378e-06   3.21871e-06   3.46671e-06   2.89053e-06   2.50307e-06   2.30378e-06   2.21945e-06   1.88885e-06   1.61672e-06   1.40493e-06   1.24509e-06   1.14024e-06   9.68059e-07   9.13461e-07   9.60516e-07   8.06686e-07   7.27357e-07   6.42552e-07   5.06787e-07    5.4897e-07   5.10823e-07   4.04241e-07   2.44391e-07   3.01511e-07   8.48361e-08   7.89023e-08   7.12152e-08   5.83344e-08   5.23584e-08   3.67443e-08   3.33078e-08   1.40398e-08  -1.06493e-08   1.75736e-09  -9.97209e-08  -6.01022e-08   -1.2516e-08  -4.68545e-08   -2.3225e-08   1.52171e-08  -4.25948e-08  -6.81216e-08  -1.38872e-07  -7.95068e-08  -1.98568e-08  -8.73322e-08  -5.87495e-08  -6.85448e-09
 2.02294e-06   2.06322e-06   2.21196e-06   2.27981e-06   2.29306e-06   2.22171e-06   2.66245e-06   2.62019e-06   2.70698e-06   2.85569e-06   2.86495e-06   2.89053e-06   3.10486e-06   2.53097e-06   2.35974e-06    2.2857e-06   1.98256e-06   1.74014e-06   1.50858e-06   1.37202e-06   1.19896e-06   1.04257e-06   1.00486e-06   9.96067e-07   8.43305e-07   7.60743e-07   6.26649e-07   4.85805e-07   5.36236e-07   4.84349e-07   4.39906e-07   3.24677e-07   3.60877e-07    1.4413e-07   1.39218e-07   9.71102e-08   7.14696e-08   8.59896e-08   8.04475e-08   6.57204e-08   5.30914e-08   7.19728e-08   7.18292e-08  -3.85301e-08   6.29336e-10   4.74541e-08    1.2983e-08   5.27741e-08   5.76679e-08  -2.13324e-08  -1.75812e-08  -9.58621e-08   -4.3102e-08   1.58259e-08  -4.54534e-08  -1.11268e-08   1.36807e-08
  1.6986e-06   1.74603e-06   1.86036e-06   1.89886e-06    1.9341e-06   1.84928e-06   2.27542e-06   2.14212e-06   2.27715e-06   2.38417e-06   2.48573e-06   2.50307e-06   2.53097e-06   2.64322e-06   2.28779e-06   2.28976e-06   1.99792e-06   1.72769e-06    1.5265e-06    1.3758e-06   1.21186e-06   1.07233e-06   9.99721e-07   1.00949e-06   8.32574e-07   7.42454e-07   6.64736e-07   5.01778e-07   5.07908e-07   4.61365e-07   3.67581e-07   2.37351e-07   2.69796e-07   7.70548e-08   7.94799e-08   4.61976e-08   1.50952e-08    3.6815e-10  -7.60073e-09  -7.03264e-09  -1.97521e-08   -3.6618e-08  -1.34561e-08  -9.29078e-08  -5.39269e-08   2.09036e-08  -1.65711e-08   1.09882e-08   1.94766e-08  -4.05043e-08  -4.71433e-08  -1.38619e-07  -1.00482e-07  -4.36354e-08  -9.98506e-08  -6.87294e-08  -3.29728e-08
 1.56626e-06   1.58228e-06   1.65911e-06   1.74078e-06   1.77778e-06   1.69791e-06   2.01522e-06   1.99678e-06   2.03361e-06   2.15861e-06   2.29807e-06   2.30378e-06   2.35974e-06   2.28779e-06   2.53286e-06   2.32407e-06   2.08315e-06   1.80222e-06   1.62803e-06   1.47606e-06   1.34038e-06   1.20077e-06    1.0818e-06   1.10516e-06   8.94133e-07   8.36664e-07    7.1998e-07   5.80566e-07   5.43756e-07   4.87077e-07    4.0009e-07   2.81478e-07   2.84012e-07   1.34282e-07   1.27856e-07   1.01551e-07   6.21721e-08   6.89701e-08   5.89103e-08   4.37796e-08   3.53751e-08   4.72507e-08   4.02725e-08  -2.43755e-08   -4.0464e-08   3.51013e-08  -1.17248e-08   1.23488e-08   1.87954e-08  -1.74143e-08  -4.13067e-08  -1.53443e-07  -8.10422e-08   -5.2175e-08  -8.26922e-08  -6.00652e-08  -2.62628e-08
 1.54922e-06   1.57212e-06   1.74092e-06   1.82303e-06   1.89661e-06    1.7094e-06   2.04686e-06   2.01873e-06   2.07785e-06   2.10171e-06   2.25788e-06   2.21945e-06    2.2857e-06   2.28976e-06   2.32407e-06   2.61023e-06   2.24445e-06   1.97624e-06   1.77643e-06    1.6046e-06   1.46408e-06   1.27684e-06   1.19518e-06   1.14556e-06   9.56247e-07   8.87042e-07   7.68242e-07   6.18807e-07   6.08733e-07   5.38231e-07   4.52275e-07   3.49558e-07   3.39297e-07    1.9938e-07   2.04961e-07   1.64268e-07   1.28842e-07   1.13989e-07   8.12727e-08   8.47041e-08   6.01258e-08   4.98075e-08   5.53381e-08   7.17247e-09  -2.26874e-08   6.38829e-08   2.43911e-08    4.0405e-08   4.61783e-08   2.56209e-08  -2.66007e-09  -1.16987e-07  -5.87527e-08  -1.79283e-08  -6.87535e-08  -5.56823e-08  -2.08478e-08
 1.24932e-06   1.31332e-06   1.41654e-06   1.49271e-06   1.62423e-06   1.45424e-06   1.72275e-06   1.69121e-06    1.7253e-06   1.77902e-06   1.90788e-06   1.88885e-06   1.98256e-06   1.99792e-06   2.08315e-06   2.24445e-06   2.33832e-06    1.9415e-06   1.76416e-06   1.62965e-06   1.48738e-06   1.27955e-06   1.19827e-06   1.12739e-06   9.52314e-07   8.81116e-07   7.62696e-07   6.09759e-07   5.70694e-07   5.24459e-07   4.47184e-07    3.6107e-07   3.61577e-07   2.29294e-07   2.17104e-07   1.63779e-07    1.4144e-07   1.36064e-07     1.226e-07   9.19357e-08   7.40435e-08   7.35748e-08   8.79134e-08   1.34191e-08  -1.81639e-08   7.41873e-08   1.00175e-08   4.39391e-08   3.24402e-08   2.51391e-08   -2.1939e-08  -1.14608e-07  -4.99021e-08  -2.37168e-08  -3.71473e-08  -3.95716e-08  -1.11911e-08
 1.18514e-06   1.18162e-06   1.32406e-06     1.325e-06   1.36245e-06   1.30203e-06   1.50092e-06   1.43721e-06   1.48678e-06    1.5443e-06   1.65953e-06   1.61672e-06   1.74014e-06   1.72769e-06   1.80222e-06   1.97624e-06    1.9415e-06   1.95458e-06   1.67879e-06   1.54385e-06   1.45939e-06   1.23764e-06   1.18849e-06   1.10235e-06     9.571e-07   8.74872e-07   7.46036e-07   6.14853e-07   5.74914e-07   5.28523e-07   4.57642e-07   3.76936e-07   3.71064e-07   2.48636e-07   2.42809e-07   2.10994e-07   1.83489e-07   1.53507e-07   1.37749e-07   1.21938e-07   9.38946e-08   8.24632e-08   9.11741e-08   2.35115e-08  -9.34333e-09   6.30223e-08   1.07262e-08   3.02599e-08   2.83346e-08   1.59892e-08   -1.0462e-08   -1.0592e-07  -4.37418e-08  -2.51084e-08  -4.45757e-08  -5.40654e-08  -4.26296e-08
 1.14102e-06   1.17388e-06    1.2551e-06   1.33944e-06   1.33687e-06   1.20843e-06   1.38117e-06   1.32357e-06   1.33262e-06   1.32374e-06   1.42134e-06   1.40493e-06   1.50858e-06    1.5265e-06   1.62803e-06   1.77643e-06   1.76416e-06   1.67879e-06   1.81143e-06   1.59566e-06   1.50856e-06   1.29483e-06   1.21784e-06   1.15564e-06   9.94149e-07    8.8961e-07   7.61917e-07   6.38813e-07   5.89498e-07   5.33492e-07   4.72698e-07   3.75846e-07   3.60724e-07   2.58031e-07   2.29771e-07   1.99624e-07    1.6662e-07    1.6115e-07    1.2274e-07   9.86728e-08   7.68017e-08    4.8143e-08   6.19389e-08   3.62713e-09  -2.60889e-08    4.6445e-08   7.02836e-09    2.6052e-08   1.18972e-08   7.29516e-09   -2.8291e-08   -1.2776e-07  -7.77716e-08   -7.6298e-08  -9.12553e-08  -7.16396e-08  -6.94976e-08
 8.33152e-07   8.65852e-07    9.5311e-07    1.0616e-06   1.14211e-06    1.0259e-06   1.22117e-06   1.15656e-06   1.22625e-06   1.25012e-06   1.28063e-06   1.24509e-06   1.37202e-06    1.3758e-06   1.47606e-06    1.6046e-06   1.62965e-06   1.54385e-06   1.59566e-06   1.78725e-06   1.58297e-06   1.35076e-06   1.28175e-06   1.20843e-06   1.07389e-06   9.43086e-07   7.74823e-07   6.88678e-07   6.22705e-07   5.61461e-07   5.18668e-07    3.9046e-07   3.62197e-07    2.7036e-07   2.35758e-07   2.23931e-07   2.01261e-07   1.49309e-07   1.27977e-07   1.09586e-07   8.43382e-08   7.64474e-08   8.08297e-08   2.38853e-08  -6.88695e-09   4.70234e-08   5.87463e-09   3.48424e-09  -8.16872e-09   2.28727e-09  -1.83232e-08  -1.01812e-07  -6.42034e-08  -5.70681e-08  -5.52166e-08  -4.49798e-08  -5.57466e-08
 7.17677e-07   8.13781e-07   9.14097e-07   1.00999e-06   9.97072e-07   9.12676e-07   1.05713e-06   1.01595e-06   1.01302e-06   1.07987e-06   1.14944e-06   1.14024e-06   1.19896e-06   1.21186e-06   1.34038e-06   1.46408e-06   1.48738e-06   1.45939e-06   1.50856e-06   1.58297e-06   1.73217e-06   1.38772e-06    1.3095e-06   1.24658e-06   1.09677e-06   9.80505e-07   8.20972e-07   7.24154e-07   6.58004e-07   5.66853e-07   5.02592e-07   3.82186e-07   3.67139e-07   2.71844e-07    2.3721e-07   2.09355e-07   2.00193e-07   1.73144e-07   1.44033e-07   1.19911e-07   8.87078e-08   6.40502e-08   7.48944e-08   4.39101e-08  -6.94704e-09   5.72597e-08   1.16096e-08  -7.99634e-09  -1.80908e-08  -2.23752e-10  -3.34132e-09  -1.00302e-07  -4.99241e-08  -4.44945e-08  -4.65842e-08  -3.82046e-08  -4.32251e-08
 5.85013e-07   7.16484e-07   7.66255e-07   8.74841e-07    8.6677e-07   7.77424e-07   8.73062e-07   8.31006e-07   8.06411e-07   9.01302e-07   9.79422e-07   9.68059e-07   1.04257e-06   1.07233e-06   1.20077e-06   1.27684e-06   1.27955e-06   1.23764e-06   1.29483e-06   1.35076e-06   1.38772e-06   1.43045e-06   1.27017e-06   1.19179e-06   1.05372e-06   9.46058e-07   7.83773e-07   6.75582e-07   6.06117e-07    5.3526e-07   4.76445e-07   3.48902e-07   3.32677e-07   2.44669e-07   2.12801e-07   1.94291e-07   1.92787e-07    1.5617e-07   1.33119e-07   1.11072e-07   1.14177e-07   1.04889e-07   8.88613e-08   6.11372e-08   1.25601e-08   7.57119e-08   2.95042e-08   7.08359e-09  -9.80493e-09  -5.29486e-09  -3.85201e-09  -8.92857e-08   -5.8018e-08  -6.29847e-08  -6.34743e-08  -7.14738e-08  -6.87204e-08
 4.89335e-07   6.34773e-07   6.89614e-07   7.41836e-07   6.75107e-07   5.98153e-07   6.82254e-07   6.85419e-07   6.75829e-07   8.23796e-07   8.80012e-07   9.13461e-07   1.00486e-06   9.99721e-07    1.0818e-06   1.19518e-06   1.19827e-06   1.18849e-06   1.21784e-06   1.28175e-06    1.3095e-06   1.27017e-06   1.46065e-06   1.26695e-06   1.14265e-06   1.04267e-06   8.66397e-07   7.43262e-07    6.8522e-07   6.08667e-07   5.36594e-07   4.48773e-07   4.24092e-07   3.00372e-07   2.57757e-07   2.47668e-07   2.34938e-07   2.05033e-07   1.63277e-07   1.52006e-07   1.42766e-07   1.11326e-07   9.55908e-08   7.08281e-08   3.46808e-08    7.4737e-08   3.58015e-08  -8.20145e-09  -3.07082e-08  -2.35992e-08  -9.82058e-09  -8.97328e-08  -6.62328e-08  -5.61036e-08  -6.44527e-08  -6.33508e-08  -6.34565e-08
 6.03154e-07   6.55956e-07   7.52833e-07   7.87203e-07   7.39179e-07   6.66634e-07   7.37361e-07   7.66249e-07   7.37424e-07     8.668e-07   9.15544e-07   9.60516e-07   9.96067e-07   1.00949e-06   1.10516e-06   1.14556e-06   1.12739e-06   1.10235e-06   1.15564e-06   1.20843e-06   1.24658e-06   1.19179e-06   1.26695e-06   1.36479e-06    1.1523e-06    1.0473e-06   8.85609e-07   7.91516e-07   6.96928e-07   6.24907e-07   5.44243e-07   4.32754e-07     4.254e-07   3.08035e-07   2.62649e-07   2.52227e-07   2.41835e-07   1.97833e-07   1.41882e-07   1.29399e-07   1.19507e-07   7.78078e-08   6.53658e-08    3.6392e-08   6.73582e-09   4.04349e-08   1.24443e-08   5.10416e-09  -3.08849e-08  -3.85133e-08  -2.48593e-08  -9.24052e-08  -6.75028e-08  -3.79911e-08  -4.21249e-08  -4.85519e-08  -4.88188e-08
 5.67432e-07   6.30571e-07    6.4039e-07   6.62486e-07   5.48801e-07   5.58724e-07   5.83308e-07   6.23364e-07   5.97689e-07   7.34298e-07   7.46014e-07   8.06686e-07   8.43305e-07   8.32574e-07   8.94133e-07   9.56247e-07   9.52314e-07     9.571e-07   9.94149e-07   1.07389e-06   1.09677e-06   1.05372e-06   1.14265e-06    1.1523e-06   1.21993e-06   1.04114e-06   9.29614e-07   8.40523e-07   7.41263e-07   6.73277e-07   5.73922e-07   4.74325e-07   4.57465e-07   3.59094e-07   3.06121e-07   2.83357e-07   2.68765e-07   2.28375e-07    1.8515e-07   1.62131e-07   1.51751e-07   1.32141e-07   1.07194e-07   6.67214e-08   3.27211e-08   8.09283e-08   6.07631e-08   2.43104e-08  -2.45458e-09  -2.00493e-09     1.744e-08  -4.85139e-08  -2.33683e-08  -3.91557e-09  -6.96509e-09   -8.2403e-09  -1.99391e-08
 4.28077e-07   5.00603e-07   5.63015e-07   6.02949e-07   4.89883e-07    4.9808e-07   4.97435e-07   5.98745e-07   5.44656e-07   6.66712e-07     6.965e-07   7.27357e-07   7.60743e-07   7.42454e-07   8.36664e-07   8.87042e-07   8.81116e-07   8.74872e-07    8.8961e-07   9.43086e-07   9.80505e-07   9.46058e-07   1.04267e-06    1.0473e-06   1.04114e-06     1.113e-06    9.1007e-07   8.24436e-07   7.28816e-07    6.3992e-07   5.48324e-07   4.60237e-07   4.36874e-07   3.44434e-07   3.00761e-07   2.84338e-07   2.42456e-07    2.0207e-07   1.61372e-07   1.34988e-07    1.4214e-07   1.14062e-07   9.54642e-08   6.71654e-08   1.76763e-08   5.42788e-08     3.696e-08    9.4365e-10  -3.77565e-08   -4.2216e-08  -3.04909e-08  -7.84204e-08  -5.04898e-08  -3.43551e-08  -3.93053e-08  -4.18551e-08  -3.81316e-08
 3.91433e-07   4.79902e-07   4.34132e-07   4.95106e-07     3.627e-07   3.75922e-07   3.55002e-07   4.66103e-07    4.4923e-07   5.79292e-07   5.76661e-07   6.42552e-07   6.26649e-07   6.64736e-07    7.1998e-07   7.68242e-07   7.62696e-07   7.46036e-07   7.61917e-07   7.74823e-07   8.20972e-07   7.83773e-07   8.66397e-07   8.85609e-07   9.29614e-07    9.1007e-07   1.03612e-06   8.56152e-07   7.58325e-07   6.78033e-07   5.73233e-07   5.11099e-07    4.7318e-07   4.08136e-07   3.62525e-07   3.39779e-07   3.02526e-07   2.63586e-07   2.18812e-07   1.77387e-07   1.61506e-07   1.13629e-07   9.41854e-08    7.8927e-08   3.80357e-08   7.02394e-08   4.48116e-08   1.20336e-08  -1.39954e-08  -2.78686e-08  -9.20558e-09  -6.29378e-08  -3.38467e-08  -1.97284e-08  -2.90601e-08  -2.60265e-08  -2.23022e-08
 2.63156e-07    3.0155e-07   3.54265e-07   4.08389e-07   3.15335e-07   3.92899e-07   3.30602e-07   4.32584e-07   3.93051e-07   4.44621e-07   4.76607e-07   5.06787e-07   4.85805e-07   5.01778e-07   5.80566e-07   6.18807e-07   6.09759e-07   6.14853e-07   6.38813e-07   6.88678e-07   7.24154e-07   6.75582e-07   7.43262e-07   7.91516e-07   8.40523e-07   8.24436e-07   8.56152e-07     9.424e-07   7.92895e-07   7.23049e-07   6.34788e-07   5.52825e-07   5.07424e-07   4.24616e-07   3.61513e-07   3.54523e-07   3.16462e-07   2.81551e-07   2.35205e-07   1.82237e-07   1.69795e-07   1.26505e-07   1.17663e-07   1.02242e-07   6.48345e-08    8.7761e-08   5.43741e-08   3.12023e-08  -5.45111e-09  -3.41622e-08  -2.29745e-08  -6.92339e-08  -5.78509e-08  -3.08689e-08  -3.54653e-08  -4.00996e-08  -4.56098e-08
 2.75853e-07   4.05701e-07    3.7324e-07   4.82158e-07   3.88218e-07   4.67633e-07    3.9852e-07   4.67974e-07     4.755e-07   5.14761e-07   5.04636e-07    5.4897e-07   5.36236e-07   5.07908e-07   5.43756e-07   6.08733e-07   5.70694e-07   5.74914e-07   5.89498e-07   6.22705e-07   6.58004e-07   6.06117e-07    6.8522e-07   6.96928e-07   7.41263e-07   7.28816e-07   7.58325e-07   7.92895e-07   8.63987e-07   7.16138e-07   6.42368e-07   5.83786e-07   5.12984e-07   4.36263e-07   3.53557e-07   3.40502e-07   3.20049e-07   2.98352e-07   2.54455e-07   1.91793e-07    1.9356e-07   1.51782e-07   1.27169e-07   1.28624e-07   9.07677e-08   1.10273e-07   7.19495e-08   3.49649e-08    5.7894e-09  -2.66166e-08   3.63112e-09  -3.57534e-08  -2.98649e-08  -1.90294e-08  -2.34199e-08  -4.19544e-08  -2.92292e-08
 3.62393e-07   4.05161e-07   3.63983e-07   4.60629e-07   3.80746e-07   4.51737e-07   4.24882e-07   4.74915e-07   4.39019e-07   4.81632e-07   4.56812e-07   5.10823e-07   4.84349e-07   4.61365e-07   4.87077e-07   5.38231e-07   5.24459e-07   5.28523e-07   5.33492e-07   5.61461e-07   5.66853e-07    5.3526e-07   6.08667e-07   6.24907e-07   6.73277e-07    6.3992e-07   6.78033e-07   7.23049e-07   7.16138e-07   7.90992e-07   6.83025e-07   6.23961e-07   5.75627e-07   4.77467e-07   3.98859e-07    3.8328e-07   3.46298e-07   3.10195e-07   2.71499e-07    2.2679e-07   2.10641e-07   1.82801e-07   1.55994e-07   1.47282e-07   1.18407e-07   1.48274e-07   9.47434e-08   6.13339e-08    2.9671e-08  -5.08974e-09   1.40786e-08  -2.77695e-08  -1.01502e-08  -7.47125e-09  -1.20179e-08  -3.22185e-08  -3.83669e-08
 2.55662e-07   2.69172e-07   2.93431e-07   3.61223e-07   3.42662e-07   4.02599e-07   3.48919e-07   4.03939e-07   3.47593e-07   4.15946e-07   3.86184e-07   4.04241e-07   4.39906e-07   3.67581e-07    4.0009e-07   4.52275e-07   4.47184e-07   4.57642e-07   4.72698e-07   5.18668e-07   5.02592e-07   4.76445e-07   5.36594e-07   5.44243e-07   5.73922e-07   5.48324e-07   5.73233e-07   6.34788e-07   6.42368e-07   6.83025e-07   7.53548e-07   6.47837e-07   6.00066e-07   5.19338e-07   4.28798e-07   3.79754e-07   3.60922e-07   3.17078e-07   2.81851e-07   2.34787e-07   2.22269e-07    1.8062e-07   1.70692e-07   1.65249e-07   1.39156e-07   1.60259e-07   9.96999e-08   7.44305e-08   4.34552e-08   7.87522e-09   2.46052e-08   -3.9419e-09  -6.47132e-09  -6.78321e-09  -1.65287e-08  -2.82755e-08  -4.05989e-08
 1.80102e-07    1.8069e-07   1.87038e-07   2.90966e-07   2.25385e-07   3.02595e-07   2.25163e-07   2.94612e-07   2.30368e-07   2.50925e-07   2.37048e-07   2.44391e-07   3.24677e-07   2.37351e-07   2.81478e-07   3.49558e-07    3.6107e-07   3.76936e-07   3.75846e-07    3.9046e-07   3.82186e-07   3.48902e-07   4.48773e-07   4.32754e-07   4.74325e-07   4.60237e-07   5.11099e-07   5.52825e-07   5.83786e-07   6.23961e-07   6.47837e-07   7.31463e-07   6.32523e-07   5.68688e-07   4.61071e-07   4.31242e-07   3.96451e-07   3.56327e-07   3.16267e-07   2.64919e-07   2.40119e-07    2.0343e-07   1.78185e-07   1.87205e-07   1.51799e-07   1.68754e-07   1.13509e-07   9.50037e-08   7.07859e-08   3.06866e-08    4.6366e-08    1.1836e-08    1.9852e-08   9.73042e-09   5.23047e-09  -1.43292e-08  -1.02856e-08
  2.1995e-07   2.10597e-07   1.88997e-07   2.99348e-07   2.71211e-07   3.46269e-07   2.87837e-07   3.32578e-07    2.6705e-07   2.88742e-07   2.77092e-07   3.01511e-07   3.60877e-07   2.69796e-07   2.84012e-07   3.39297e-07   3.61577e-07   3.71064e-07   3.60724e-07   3.62197e-07   3.67139e-07   3.32677e-07   4.24092e-07     4.254e-07   4.57465e-07   4.36874e-07    4.7318e-07   5.07424e-07   5.12984e-07   5.75627e-07   6.00066e-07   6.32523e-07    7.2083e-07   6.02122e-07   5.15917e-07   4.72269e-07   4.54788e-07   4.12363e-07   3.52883e-07   3.14206e-07    2.8055e-07   2.44326e-07   2.18371e-07   2.24685e-07   1.93427e-07   1.99305e-07   1.40677e-07   1.12537e-07   8.43056e-08   5.32951e-08   7.11078e-08    3.8368e-08   4.13033e-08   4.22985e-08   1.49562e-08   7.17995e-09  -4.10586e-09
 1.07851e-07   6.94637e-08   1.55443e-08   1.12403e-07   1.13045e-07    1.8963e-07   1.53637e-07   1.33105e-07   9.48985e-08   8.00733e-08   7.16654e-08   8.48361e-08    1.4413e-07   7.70548e-08   1.34282e-07    1.9938e-07   2.29294e-07   2.48636e-07   2.58031e-07    2.7036e-07   2.71844e-07   2.44669e-07   3.00372e-07   3.08035e-07   3.59094e-07   3.44434e-07   4.08136e-07   4.24616e-07   4.36263e-07   4.77467e-07   5.19338e-07   5.68688e-07   6.02122e-07   6.83577e-07   5.55162e-07    5.0988e-07   4.75318e-07   4.26652e-07   3.72494e-07   3.20154e-07   2.91675e-07   2.58819e-07   2.24892e-07   2.38787e-07   1.94034e-07   1.98272e-07   1.52858e-07   1.34266e-07   1.05457e-07   9.14873e-08   9.46436e-08   5.48686e-08   6.11645e-08   4.93432e-08   2.81753e-08   1.06647e-08  -4.14801e-09
 3.77045e-08    3.1323e-08    1.0176e-08   8.72012e-08   6.24435e-08   1.14818e-07   1.05868e-07   1.43905e-07   7.68314e-08   5.72018e-08   5.25126e-08   7.89023e-08   1.39218e-07   7.94799e-08   1.27856e-07   2.04961e-07   2.17104e-07   2.42809e-07   2.29771e-07   2.35758e-07    2.3721e-07   2.12801e-07   2.57757e-07   2.62649e-07   3.06121e-07   3.00761e-07   3.62525e-07   3.61513e-07   3.53557e-07   3.98859e-07   4.28798e-07   4.61071e-07   5.15917e-07   5.55162e-07   6.11559e-07   5.31458e-07   4.96069e-07   4.48301e-07   3.94748e-07   3.54618e-07   3.26366e-07   2.81791e-07   2.54055e-07   2.63615e-07   2.14523e-07   2.11503e-07   1.62402e-07   1.31084e-07   1.00708e-07   8.89466e-08   8.14664e-08   5.07878e-08   4.81264e-08   4.40933e-08   2.30955e-08   1.02453e-09  -1.22683e-08
 8.72649e-08    5.6832e-08   4.32333e-08   8.89992e-08   8.98812e-08    1.2156e-07   9.56345e-08   1.48768e-07   9.48452e-08   4.43176e-08   2.67047e-08   7.12152e-08   9.71102e-08   4.61976e-08   1.01551e-07   1.64268e-07   1.63779e-07   2.10994e-07   1.99624e-07   2.23931e-07   2.09355e-07   1.94291e-07   2.47668e-07   2.52227e-07   2.83357e-07   2.84338e-07   3.39779e-07   3.54523e-07   3.40502e-07    3.8328e-07   3.79754e-07   4.31242e-07   4.72269e-07    5.0988e-07   5.31458e-07    6.0681e-07   5.25644e-07   4.85102e-07   4.28168e-07   3.88303e-07    3.4528e-07   2.97312e-07   2.65692e-07   2.74162e-07   2.39507e-07   2.16521e-07   1.73454e-07     1.428e-07   1.20185e-07   1.05464e-07   9.32717e-08   6.55377e-08    6.4942e-08   6.64703e-08   4.18879e-08   2.18572e-08   1.37285e-08
 2.86107e-08   2.31278e-08  -1.86468e-08    1.0307e-08   3.55278e-08   7.21013e-08   3.07058e-08   7.41329e-08   4.64735e-08    2.9215e-08   2.51881e-09   5.83344e-08   7.14696e-08   1.50952e-08   6.21721e-08   1.28842e-07    1.4144e-07   1.83489e-07    1.6662e-07   2.01261e-07   2.00193e-07   1.92787e-07   2.34938e-07   2.41835e-07   2.68765e-07   2.42456e-07   3.02526e-07   3.16462e-07   3.20049e-07   3.46298e-07   3.60922e-07   3.96451e-07   4.54788e-07   4.75318e-07   4.96069e-07   5.25644e-07   5.99937e-07   5.02912e-07   4.60299e-07   4.12515e-07   3.77584e-07   3.26805e-07   2.99895e-07   3.07261e-07   2.58245e-07   2.44159e-07   1.81927e-07   1.59515e-07   1.38569e-07   1.30497e-07   1.30748e-07   1.01213e-07   8.92823e-08   7.85358e-08   5.75591e-08   3.57256e-08   3.15989e-08
-2.20872e-08    1.0062e-09  -7.21379e-08  -1.14872e-08   6.97028e-09   5.28991e-08   2.10915e-08   5.26715e-08   5.51904e-08   2.06699e-08  -4.47389e-10   5.23584e-08   8.59896e-08    3.6815e-10   6.89701e-08   1.13989e-07   1.36064e-07   1.53507e-07    1.6115e-07   1.49309e-07   1.73144e-07    1.5617e-07   2.05033e-07   1.97833e-07   2.28375e-07    2.0207e-07   2.63586e-07   2.81551e-07   2.98352e-07   3.10195e-07   3.17078e-07   3.56327e-07   4.12363e-07   4.26652e-07   4.48301e-07   4.85102e-07   5.02912e-07    5.7888e-07   4.99127e-07   4.51874e-07   4.04569e-07   3.60272e-07   3.22447e-07   3.29663e-07   2.72804e-07   2.43123e-07   1.82831e-07   1.58956e-07   1.39566e-07   1.31928e-07   1.28111e-07   9.96389e-08   9.22781e-08    7.9136e-08   5.31337e-08   3.54245e-08   3.64027e-08
-1.13843e-07  -1.00948e-07  -1.49457e-07  -9.89853e-08  -6.88095e-08  -3.91824e-08  -1.43293e-08    6.0627e-09  -2.01418e-08  -1.72197e-08  -1.66474e-08   3.67443e-08   8.04475e-08  -7.60073e-09   5.89103e-08   8.12727e-08     1.226e-07   1.37749e-07    1.2274e-07   1.27977e-07   1.44033e-07   1.33119e-07   1.63277e-07   1.41882e-07    1.8515e-07   1.61372e-07   2.18812e-07   2.35205e-07   2.54455e-07   2.71499e-07   2.81851e-07   3.16267e-07   3.52883e-07   3.72494e-07   3.94748e-07   4.28168e-07   4.60299e-07   4.99127e-07    5.6988e-07   4.82874e-07    4.2706e-07   3.99041e-07   3.51516e-07   3.45242e-07   2.83856e-07   2.60921e-07    2.0488e-07   1.72615e-07   1.57425e-07   1.54089e-07   1.33897e-07   1.24982e-07   1.13533e-07   8.63113e-08   6.79336e-08   3.31502e-08   3.50839e-08
-4.30555e-08  -3.64475e-08  -5.80986e-08   -5.0328e-09  -2.33717e-08   9.87417e-09   3.48516e-08   6.54718e-08   3.27248e-08   2.30683e-08   6.16163e-09   3.33078e-08   6.57204e-08  -7.03264e-09   4.37796e-08   8.47041e-08   9.19357e-08   1.21938e-07   9.86728e-08   1.09586e-07   1.19911e-07   1.11072e-07   1.52006e-07   1.29399e-07   1.62131e-07   1.34988e-07   1.77387e-07   1.82237e-07   1.91793e-07    2.2679e-07   2.34787e-07   2.64919e-07   3.14206e-07   3.20154e-07   3.54618e-07   3.88303e-07   4.12515e-07   4.51874e-07   4.82874e-07   5.34381e-07   4.43159e-07   4.17645e-07   3.89376e-07   3.68691e-07   3.26921e-07   2.96923e-07   2.28487e-07   2.04118e-07   1.87793e-07   1.74496e-07   1.55207e-07   1.38269e-07   1.28657e-07   1.00445e-07   8.26302e-08   5.64879e-08   5.10013e-08
 -6.6984e-08  -1.14177e-08  -7.77989e-08  -3.53747e-08  -4.56591e-08   4.90763e-08   1.64004e-08   6.95854e-08   1.21911e-08    7.8521e-09  -2.35551e-08   1.40398e-08   5.30914e-08  -1.97521e-08   3.53751e-08   6.01258e-08   7.40435e-08   9.38946e-08   7.68017e-08   8.43382e-08   8.87078e-08   1.14177e-07   1.42766e-07   1.19507e-07   1.51751e-07    1.4214e-07   1.61506e-07   1.69795e-07    1.9356e-07   2.10641e-07   2.22269e-07   2.40119e-07    2.8055e-07   2.91675e-07   3.26366e-07    3.4528e-07   3.77584e-07   4.04569e-07    4.2706e-07   4.43159e-07   4.86073e-07    4.3893e-07   4.08474e-07   4.00205e-07   3.44653e-07   3.26921e-07   2.52982e-07   2.24966e-07    1.9451e-07   1.93082e-07   1.72627e-07   1.44985e-07   1.36874e-07   1.04653e-07   8.56541e-08   5.46304e-08   5.47555e-08
-1.29886e-07  -8.22137e-08  -1.46882e-07  -1.08835e-07  -1.18401e-07  -4.42231e-09  -2.83951e-08   5.39016e-09  -2.25298e-08  -1.84719e-08  -4.06722e-08  -1.06493e-08   7.19728e-08   -3.6618e-08   4.72507e-08   4.98075e-08   7.35748e-08   8.24632e-08    4.8143e-08   7.64474e-08   6.40502e-08   1.04889e-07   1.11326e-07   7.78078e-08   1.32141e-07   1.14062e-07   1.13629e-07   1.26505e-07   1.51782e-07   1.82801e-07    1.8062e-07    2.0343e-07   2.44326e-07   2.58819e-07   2.81791e-07   2.97312e-07   3.26805e-07   3.60272e-07   3.99041e-07   4.17645e-07    4.3893e-07   5.15816e-07   4.42772e-07   4.33996e-07   3.78788e-07   3.58543e-07   2.88428e-07   2.55366e-07   2.18622e-07   1.99481e-07   1.82877e-07   1.71781e-07   1.66833e-07   1.27401e-07   1.15906e-07   7.73114e-08   7.33095e-08
-3.82018e-08  -5.10203e-08  -6.33932e-08  -7.32184e-08   -7.4241e-08   2.20811e-08   -4.4911e-09   4.51216e-08   1.54039e-08   7.82867e-09  -2.50799e-08   1.75736e-09   7.18292e-08  -1.34561e-08   4.02725e-08   5.53381e-08   8.79134e-08   9.11741e-08   6.19389e-08   8.08297e-08   7.48944e-08   8.88613e-08   9.55908e-08   6.53658e-08   1.07194e-07   9.54642e-08   9.41854e-08   1.17663e-07   1.27169e-07   1.55994e-07   1.70692e-07   1.78185e-07   2.18371e-07   2.24892e-07   2.54055e-07   2.65692e-07   2.99895e-07   3.22447e-07   3.51516e-07   3.89376e-07   4.08474e-07   4.42772e-07   4.86315e-07   4.38585e-07   3.92395e-07   3.60113e-07   2.92404e-07   2.54382e-07   2.26326e-07    2.2183e-07   1.98812e-07   1.83977e-07   1.68017e-07   1.22842e-07   1.12743e-07   7.61872e-08   8.07998e-08
-5.17461e-08  -6.69485e-08   -1.0391e-07  -8.68578e-08  -1.24051e-07  -1.14852e-08  -6.69971e-08  -3.99135e-08  -7.29852e-08   -1.0742e-07  -1.03416e-07  -9.97209e-08  -3.85301e-08  -9.29078e-08  -2.43755e-08   7.17247e-09   1.34191e-08   2.35115e-08   3.62713e-09   2.38853e-08   4.39101e-08   6.11372e-08   7.08281e-08    3.6392e-08   6.67214e-08   6.71654e-08    7.8927e-08   1.02242e-07   1.28624e-07   1.47282e-07   1.65249e-07   1.87205e-07   2.24685e-07   2.38787e-07   2.63615e-07   2.74162e-07   3.07261e-07   3.29663e-07   3.45242e-07   3.68691e-07   4.00205e-07   4.33996e-07   4.38585e-07   5.15658e-07   4.37465e-07   4.14764e-07   3.37466e-07   2.93817e-07   2.47907e-07   2.41905e-07   2.13659e-07   1.96462e-07   1.68379e-07   1.18775e-07   1.13989e-07   7.43418e-08   6.67342e-08
-7.56359e-08  -5.87948e-08  -5.33695e-08  -5.84837e-08  -1.04789e-07   1.42877e-08  -3.34578e-09    2.7772e-08  -1.72989e-08  -4.35317e-08  -6.36696e-08  -6.01022e-08   6.29336e-10  -5.39269e-08   -4.0464e-08  -2.26874e-08  -1.81639e-08  -9.34333e-09  -2.60889e-08  -6.88695e-09  -6.94704e-09   1.25601e-08   3.46808e-08   6.73582e-09   3.27211e-08   1.76763e-08   3.80357e-08   6.48345e-08   9.07677e-08   1.18407e-07   1.39156e-07   1.51799e-07   1.93427e-07   1.94034e-07   2.14523e-07   2.39507e-07   2.58245e-07   2.72804e-07   2.83856e-07   3.26921e-07   3.44653e-07   3.78788e-07   3.92395e-07   4.37465e-07   4.81693e-07   4.22567e-07   3.64555e-07   3.25161e-07   2.88329e-07   2.68777e-07   2.35028e-07   2.31403e-07   2.03283e-07   1.54709e-07   1.44719e-07   1.04537e-07   9.09049e-08
 5.33678e-08     6.392e-08   4.10647e-08   1.64437e-08  -2.48456e-08   8.87446e-08   3.58629e-08    6.5629e-08   6.37313e-10  -6.64424e-11  -2.00549e-08   -1.2516e-08   4.74541e-08   2.09036e-08   3.51013e-08   6.38829e-08   7.41873e-08   6.30223e-08    4.6445e-08   4.70234e-08   5.72597e-08   7.57119e-08    7.4737e-08   4.04349e-08   8.09283e-08   5.42788e-08   7.02394e-08    8.7761e-08   1.10273e-07   1.48274e-07   1.60259e-07   1.68754e-07   1.99305e-07   1.98272e-07   2.11503e-07   2.16521e-07   2.44159e-07   2.43123e-07   2.60921e-07   2.96923e-07   3.26921e-07   3.58543e-07   3.60113e-07   4.14764e-07   4.22567e-07   4.88511e-07   3.98394e-07   3.59335e-07   3.16303e-07   2.95378e-07   2.64813e-07   2.45994e-07   2.14918e-07   1.70024e-07   1.57717e-07   1.16913e-07   9.66963e-08
 2.64653e-08   2.09874e-08   3.81354e-08   -9.3714e-09  -4.97085e-08   4.46628e-08   3.58005e-08   4.42503e-08  -1.63951e-09  -7.67926e-11  -5.33425e-08  -4.68545e-08    1.2983e-08  -1.65711e-08  -1.17248e-08   2.43911e-08   1.00175e-08   1.07262e-08   7.02836e-09   5.87463e-09   1.16096e-08   2.95042e-08   3.58015e-08   1.24443e-08   6.07631e-08     3.696e-08   4.48116e-08   5.43741e-08   7.19495e-08   9.47434e-08   9.96999e-08   1.13509e-07   1.40677e-07   1.52858e-07   1.62402e-07   1.73454e-07   1.81927e-07   1.82831e-07    2.0488e-07   2.28487e-07   2.52982e-07   2.88428e-07   2.92404e-07   3.37466e-07   3.64555e-07   3.98394e-07   4.24063e-07   3.59675e-07   3.30025e-07    3.1425e-07   2.83676e-07   2.68682e-07   2.33924e-07   1.91905e-07   1.77905e-07   1.32012e-07   1.21182e-07
 7.63921e-08   4.57799e-08   8.89848e-08   2.13994e-08   1.85783e-08   9.67626e-08   6.02761e-08   4.97197e-08   8.83646e-09   1.44745e-09  -3.27269e-08   -2.3225e-08   5.27741e-08   1.09882e-08   1.23488e-08    4.0405e-08   4.39391e-08   3.02599e-08    2.6052e-08   3.48424e-09  -7.99634e-09   7.08359e-09  -8.20145e-09   5.10416e-09   2.43104e-08    9.4365e-10   1.20336e-08   3.12023e-08   3.49649e-08   6.13339e-08   7.44305e-08   9.50037e-08   1.12537e-07   1.34266e-07   1.31084e-07     1.428e-07   1.59515e-07   1.58956e-07   1.72615e-07   2.04118e-07   2.24966e-07   2.55366e-07   2.54382e-07   2.93817e-07   3.25161e-07   3.59335e-07   3.59675e-07   4.08731e-07   3.55663e-07   3.37405e-07    3.0733e-07   2.87457e-07   2.64842e-07   2.24609e-07   2.07274e-07    1.5495e-07   1.34751e-07
 7.33001e-08   7.47564e-08   9.68038e-08  -2.76115e-09   2.76718e-08   1.06158e-07   1.07195e-07   1.09541e-07   8.57955e-08   7.83206e-08   1.58962e-08   1.52171e-08   5.76679e-08   1.94766e-08   1.87954e-08   4.61783e-08   3.24402e-08   2.83346e-08   1.18972e-08  -8.16872e-09  -1.80908e-08  -9.80493e-09  -3.07082e-08  -3.08849e-08  -2.45458e-09  -3.77565e-08  -1.39954e-08  -5.45111e-09    5.7894e-09    2.9671e-08   4.34552e-08   7.07859e-08   8.43056e-08   1.05457e-07   1.00708e-07   1.20185e-07   1.38569e-07   1.39566e-07   1.57425e-07   1.87793e-07    1.9451e-07   2.18622e-07   2.26326e-07   2.47907e-07   2.88329e-07   3.16303e-07   3.30025e-07   3.55663e-07   3.97633e-07   3.60136e-07   3.29488e-07    3.0548e-07   2.85789e-07   2.43172e-07    2.1916e-07   1.67625e-07   1.50872e-07
  9.9633e-09   4.18077e-08   5.91083e-08  -5.59959e-08  -7.02667e-08   2.72973e-09  -1.85384e-08  -2.07863e-08   -3.3136e-08  -7.13883e-09  -6.19739e-08  -4.25948e-08  -2.13324e-08  -4.05043e-08  -1.74143e-08   2.56209e-08   2.51391e-08   1.59892e-08   7.29516e-09   2.28727e-09  -2.23752e-10  -5.29486e-09  -2.35992e-08  -3.85133e-08  -2.00493e-09   -4.2216e-08  -2.78686e-08  -3.41622e-08  -2.66166e-08  -5.08974e-09   7.87522e-09   3.06866e-08   5.32951e-08   9.14873e-08   8.89466e-08   1.05464e-07   1.30497e-07   1.31928e-07   1.54089e-07   1.74496e-07   1.93082e-07   1.99481e-07    2.2183e-07   2.41905e-07   2.68777e-07   2.95378e-07    3.1425e-07   3.37405e-07   3.60136e-07   4.27712e-07   3.71528e-07   3.38483e-07   3.24892e-07   2.71693e-07   2.45745e-07   1.94734e-07   1.80675e-07
