9570733.486002  1474784.674268  131235.816507  -218040.877542  -147834.033802  -13850.454727  15420.856348  47719.556418  -18636.281515   7316.008992   9387.597317  50157.652569  37295.737573  79223.036430  93207.093879   3528.452907  -6034.353327   9096.720899    -85.313590  -16820.467484  14344.540818   3549.024438  -16849.713056  11074.490568  19286.308190   8653.829455  12671.248922   -792.492017  -3145.797780    158.012550   -263.735842    213.271178   4831.356910   2138.994199   1880.038610  11961.847417   -490.484706
1474784.674268  5582330.106409  960438.410132  115098.038061  -22682.939888  -30261.565404    968.923685  146787.213619  136699.751189  85342.068551  -14751.928694  -36498.149282  19362.664620  41829.993772  26333.740508   4371.409802  28670.641996  22010.315914  -3022.786268  38128.244875  18145.891023  -11556.469820  13932.584080  15288.092284   8160.717546  13232.333844   9173.004686  15080.929364   2643.673891    641.574816  -3176.107553   1464.046925  12811.795680   6934.755619    787.477857   7399.213093    -96.002957
131235.816507  960438.410132  3290473.252327  643410.330518  50485.031224  -49352.805734  56262.739563  83397.134095  30823.652393  -16878.705100  -4969.294691  -34688.050749   2805.885294  41117.868612  14140.199439  29953.606962  13934.465692   9772.467720   9901.684219   6310.225954   6200.510766   -509.267087   3275.698324   4504.531710   5491.059134   9305.148580   1801.495541   3052.511482  -4390.917645   5457.710590    266.579647   5280.591251   4632.206840   1809.529098  -1910.231613   3751.916774   3052.153758
-218040.877542  115098.038061  643410.330518  2148301.472671  437425.873114  50377.066543  11033.324554  -14674.324846  28494.487810  -14277.817417   5303.943300  32363.931476  19259.247994  39335.202371  13611.733567  20275.233053   9469.515809  22818.441822  12374.665180   9805.245971  25141.111085  21759.473151   -506.016512   9965.193773  12317.244777   4224.603945   9044.962498   7782.809212   2074.510214  -1147.071221  -1386.262877    216.224561   1890.520521   2940.715558   7137.534035   1372.942922   2104.839915
-147834.033802  -22682.939888  50485.031224  437425.873113  1362394.756526  287438.619587  45679.283202  13224.419740   9889.824018  13707.839891   7284.351813   4859.774314   8707.701018  19940.975859   6801.066341   4349.440233  -2549.284897  14345.941279  15260.118942  17999.769813  11376.641043   6139.423228  10311.683351   9542.213908   9953.460646   3789.567208   2870.044571   8242.902021   6155.370476   4819.696447   2577.264863   2623.425178   2638.206937   4619.821291   7785.492273   3331.060590   4627.893286
-13850.454726  -30261.565404  -49352.805734  50377.066543  287438.619587  1085009.063990  195806.101874  -9410.213476  -10136.526717   3410.093822  44800.497677  36003.168099  19649.532806  24545.876665  -1051.080323   7034.534088   4609.512118   7412.067653  15411.110780   6327.208284   3004.646265   9628.336780   7932.645153   2551.635500   6581.526891   5371.006225   9988.249861   7436.134444   8254.194769  11894.654477   -241.107709  -5265.678513   1491.767419   6204.428892   6377.162414   8897.517433   1763.423314
15420.856348    968.923685  56262.739564  11033.324554  45679.283202  195806.101874  855979.124184  175502.094881  31817.637279  11710.500818   6633.495329  16450.391504  13768.535279  17232.801095   3167.429614  19552.347056  10409.886767  17023.302919   9544.931407   7530.250400   -283.007068   6416.849629   2148.054459  -2290.203333     78.282991   3464.861509   5248.328753   1724.367247   4847.688620   4117.014888   5044.849590   -432.205403   1999.496048   4277.385947   3927.276249   3736.181752   1107.593940
47719.556418  146787.213619  83397.134095  -14674.324846  13224.419740  -9410.213476  175502.094881  542316.791379  104354.986919  32583.013361  35658.479172  17983.098796  -2458.745953   5619.453043  -1250.447877   5377.795907   7484.512850   5787.864750   8155.181539   3762.258196   3989.803647   1402.623362  -2319.113348  -2710.189095   2296.263879   3592.313195   2678.546144   -899.000415    971.879872  -1833.287900   2823.065417   -153.231344    361.701388   3672.164101   1949.449154   3532.678147   -600.083883
-18636.281515  136699.751189  30823.652393  28494.487810   9889.824018  -10136.526717  31817.637279  104354.986919  417543.188147  80481.862876  16252.077244   9890.802688   9016.861691   4474.211920  -4242.857298  -1779.804143   5279.061526  -2441.112673   2087.088727   2177.509672   8101.180971   3284.266392  -1138.798330  -1396.877538   3063.820654   4141.548949    724.500349  -3518.050388   4219.801823   2418.827244   3768.206946   4607.656570   2885.880591   4483.404614   -957.142414   1553.276238   1729.370595
 7316.008992  85342.068551  -16878.705100  -14277.817417  13707.839891   3410.093822  11710.500818  32583.013361  80481.862876  277196.393230  53305.117797  13035.918005   2184.101047   1020.950138   3654.592692  -4939.926791   3849.113139   1644.255598   5330.293835   2395.752851   4344.300928    169.827534   6681.624058   2452.668916  -1287.703975   1762.551667  -2257.162231    832.324864   1803.427314    583.818755   2139.747430   2699.205876    857.513809   1034.707733     98.482892    -11.559715   -553.005438
 9387.597317  -14751.928694  -4969.294691   5303.943300   7284.351813  44800.497677   6633.495329  35658.479172  16252.077244  53305.117797  217224.160239  39252.177167   1027.136371    174.236525   3713.604595   4326.055609   5373.487857   -378.105495   3424.133507   7082.108486   1171.144858   6063.233682   6334.992062   1756.041240  -1853.024388   6294.499346   3042.820555   2261.167669   2022.535990   1930.149531   1329.738800   3055.643303   1272.800333   1912.914480   1962.158937    887.425643   1504.749947
50157.652569  -36498.149282  -34688.050749  32363.931476   4859.774314  36003.168099  16450.391504  17983.098796   9890.802688  13035.918005  39252.177167  165362.869208  29468.361860   5362.996596   1422.846834    646.742683    434.683588  -2675.099955   1566.454938   2876.294152   1462.188550   2165.957260   2203.288243   3100.982039   2640.735282   3362.693388   2415.507848    160.334444    486.786139    634.208332    297.440798   2127.739513    350.030240   1648.261350    733.310948    604.497671   2383.258513
37295.737573  19362.664620   2805.885294  19259.247994   8707.701018  19649.532806  13768.535279  -2458.745953   9016.861691   2184.101047   1027.136371  29468.361860  121376.766613  24587.613246   1227.004085  -1241.141427     82.577559  -1819.287252   2510.312099   4923.885926   4784.351623    325.706474   1289.696462   1503.134622    985.402661   1772.869206   2005.218678   -299.929836    526.333977    565.059029   3219.913688   1369.031617    595.130042     92.256420   1027.793347    858.473982   1177.818904
79223.036430  41829.993772  41117.868612  39335.202371  19940.975859  24545.876665  17232.801095   5619.453043   4474.211920   1020.950138    174.236525   5362.996596  24587.613246  104973.171339  19705.607451   3539.544250    979.179908   1086.974861   3832.955248    255.671076    491.146341   2707.701765   1559.072912  -1852.087228   1080.195978   2122.638118   1243.020161    480.534405   2107.346348    570.460676   1157.990491    916.721377   1815.113618   1626.171200   1902.426734    566.357956   1293.679812
93207.093879  26333.740508  14140.199439  13611.733567   6801.066341  -1051.080323   3167.429614  -1250.447877  -4242.857299   3654.592692   3713.604595   1422.846834   1227.004085  19705.607451  84544.851795  15915.753671   1076.448899   1680.088370   2157.137042   -700.913721  -1765.941673   1260.347287   2364.123012   1650.103609   1234.680403     97.032922    103.193034    -53.597568   1074.809088   1157.541421    855.799901   1181.348270     19.763711    834.023017   1723.041860    928.717083    919.751813
 3528.452907   4371.409802  29953.606962  20275.233053   4349.440233   7034.534088  19552.347056   5377.795907  -1779.804143  -4939.926791   4326.055609    646.742683  -1241.141427   3539.544250  15915.753671  69469.626893  10473.050765   3254.938820   2826.742867    131.516246   1510.166746    410.839944    448.679963    542.017127   1875.814940    197.598526   -593.418002   1033.197817   2330.179938   1420.725825   1217.033421    453.604560    743.592796    820.584441    276.196580   1184.848545    724.769647
-6034.353327  28670.641996  13934.465692   9469.515809  -2549.284897   4609.512118  10409.886767   7484.512850   5279.061526   3849.113139   5373.487857    434.683588     82.577559    979.179908   1076.448899  10473.050765  56399.921204  11819.445362   2512.849055    640.202671    346.169811  -1455.985247    627.868360    613.473789   1966.765448   1632.050696    871.544309     18.419568    192.446606   1043.236937   1661.442051   2500.164143   1421.512394   1453.962762    865.443149   1095.901790    623.519248
 9096.720899  22010.315914   9772.467720  22818.441822  14345.941279   7412.067653  17023.302919   5787.864750  -2441.112673   1644.255598   -378.105495  -2675.099955  -1819.287252   1086.974861   1680.088370   3254.938820  11819.445362  47830.567341  10153.942018   3272.321688    447.454557    480.600548   1323.649963   1346.611965   2340.050531    369.430100    576.285786    900.267727   1266.473759    742.520423    492.034666   1339.416312    733.733926   1373.002506   1646.288012   1219.366147    237.371300
  -85.313590  -3022.786268   9901.684219  12374.665180  15260.118942  15411.110780   9544.931407   8155.181539   2087.088727   5330.293835   3424.133507   1566.454938   2510.312099   3832.955248   2157.137042   2826.742867   2512.849055  10153.942018  40412.742790   6400.833559   3159.639350   1721.447063   -931.409683   -467.247785   1375.027198   1880.160800    647.656671    681.938371   1389.542453    342.866647   -434.740300    547.871027   1405.388665   1162.383735   1482.072396   1327.008519   1002.378011
-16820.467484  38128.244875   6310.225954   9805.245971  17999.769813   6327.208284   7530.250400   3762.258196   2177.509672   2395.752851   7082.108486   2876.294152   4923.885926    255.671076   -700.913721    131.516246    640.202671   3272.321688   6400.833559  36146.938763   7867.597164    551.733820    342.869945   1083.567420   1707.392441    995.717696   1144.826831   1219.345724   1556.225225    488.701547    641.180844    150.747166   1108.463012   1165.013624   1865.375651    911.766170   1016.294751
14344.540818  18145.891023   6200.510766  25141.111085  11376.641043   3004.646265   -283.007068   3989.803647   8101.180971   4344.300928   1171.144858   1462.188550   4784.351623    491.146341  -1765.941673   1510.166746    346.169811    447.454557   3159.639350   7867.597164  28668.344733   4072.965305   2081.736860   1559.251009   1991.155244    248.607687    919.543035   1051.716708    135.035932    617.580507    974.546184    659.977791   1395.842824    650.485599    597.338738    768.988641   1501.802924
 3549.024438  -11556.469820   -509.267087  21759.473151   6139.423228   9628.336780   6416.849629   1402.623362   3284.266392    169.827534   6063.233682   2165.957260    325.706474   2707.701765   1260.347287    410.839944  -1455.985247    480.600548   1721.447063    551.733820   4072.965305  22916.137148   4000.120904   1357.160241   1136.343370    911.605498   1325.039761    549.156815   1432.992201   1331.895457    782.902804    332.150693    588.627888   1002.116272   1409.029342    600.563939    753.700090
-16849.713056  13932.584080   3275.698324   -506.016513  10311.683351   7932.645153   2148.054459  -2319.113348  -1138.798330   6681.624058   6334.992062   2203.288243   1289.696462   1559.072912   2364.123012    448.679963    627.868360   1323.649963   -931.409683    342.869945   2081.736860   4000.120904  20211.759151   3917.578659   1147.542777    664.334702    366.350881    266.796094    490.629096    811.511320    144.477714    655.005191    681.893132   -254.768094    739.883525     53.077818    180.427519
11074.490568  15288.092284   4504.531710   9965.193773   9542.213908   2551.635500  -2290.203333  -2710.189095  -1396.877538   2452.668916   1756.041240   3100.982039   1503.134622  -1852.087228   1650.103609    542.017127    613.473789   1346.611965   -467.247785   1083.567420   1559.251009   1357.160241   3917.578659  16423.260511   3830.106180    248.388331    745.843106    232.711047    802.067003    624.329499    489.742124    -21.443253    341.806681    295.615160    451.172761    106.607871    312.541529
19286.308190   8160.717546   5491.059134  12317.244777   9953.460646   6581.526891     78.282991   2296.263879   3063.820654  -1287.703975  -1853.024388   2640.735282    985.402661   1080.195978   1234.680403   1875.814940   1966.765448   2340.050531   1375.027198   1707.392441   1991.155244   1136.343370   1147.542777   3830.106180  15515.302374   2226.278650    888.335711    219.044868    729.823791    243.644534     18.865199    123.422418    842.964545    451.685927    208.131068    375.997762    382.439319
 8653.829455  13232.333844   9305.148580   4224.603945   3789.567208   5371.006225   3464.861509   3592.313195   4141.548949   1762.551667   6294.499346   3362.693388   1772.869206   2122.638118     97.032922    197.598526   1632.050696    369.430100   1880.160800    995.717696    248.607687    911.605498    664.334702    248.388331   2226.278650  12260.675063   2747.920154    468.550284    696.690906    954.698048    -36.027017    282.088033    842.031426    373.018121    302.135317    377.611305    515.478030
12671.248922   9173.004686   1801.495541   9044.962498   2870.044571   9988.249861   5248.328753   2678.546144    724.500349  -2257.162231   3042.820555   2415.507848   2005.218678   1243.020161    103.193034   -593.418002    871.544309    576.285786    647.656671   1144.826831    919.543035   1325.039761    366.350881    745.843106    888.335711   2747.920154  11898.246992   1946.879543    411.012058    358.669320    384.725065    496.057619    757.774169    395.033701    715.383564    682.992569    728.960317
 -792.492017  15080.929364   3052.511482   7782.809212   8242.902021   7436.134444   1724.367247   -899.000415  -3518.050388    832.324864   2261.167669    160.334444   -299.929836    480.534405    -53.597568   1033.197817     18.419568    900.267727    681.938371   1219.345724   1051.716708    549.156815    266.796094    232.711047    219.044868    468.550284   1946.879543   9367.657392   2001.640047    422.946808    264.801234    452.574186    521.165113    526.725845    629.972826    338.931115    433.422104
-3145.797780   2643.673891  -4390.917645   2074.510214   6155.370476   8254.194769   4847.688620    971.879872   4219.801823   1803.427314   2022.535990    486.786139    526.333977   2107.346348   1074.809088   2330.179938    192.446606   1266.473759   1389.542453   1556.225225    135.035932   1432.992201    490.629096    802.067003    729.823791    696.690906    411.012058   2001.640047   8781.686127   2064.770514    456.974004    550.977457    262.484851    502.453768    552.875406    494.569674    216.892848
  158.012550    641.574816   5457.710590  -1147.071221   4819.696447  11894.654477   4117.014888  -1833.287900   2418.827244    583.818755   1930.149531    634.208332    565.059029    570.460676   1157.541421   1420.725825   1043.236937    742.520423    342.866647    488.701547    617.580507   1331.895457    811.511320    624.329499    243.644534    954.698048    358.669320    422.946808   2064.770514   7434.079161   1695.403245    559.873447    232.514773    491.476232    432.325855    739.824407    403.411185
 -263.735842  -3176.107553    266.579647  -1386.262877   2577.264863   -241.107709   5044.849590   2823.065417   3768.206946   2139.747430   1329.738800    297.440798   3219.913688   1157.990491    855.799901   1217.033421   1661.442051    492.034666   -434.740300    641.180844    974.546184    782.902804    144.477714    489.742124     18.865199    -36.027017    384.725065    264.801234    456.974004   1695.403245   7015.069941   1554.046475    478.361682    399.247707    765.051619    339.474432    474.597191
  213.271178   1464.046925   5280.591251    216.224561   2623.425178  -5265.678513   -432.205403   -153.231344   4607.656570   2699.205876   3055.643303   2127.739513   1369.031617    916.721377   1181.348270    453.604560   2500.164143   1339.416312    547.871027    150.747166    659.977791    332.150693    655.005191    -21.443253    123.422418    282.088033    496.057619    452.574186    550.977457    559.873447   1554.046475   6430.528964   1217.521316    657.124334    562.873154    375.388811    519.185813
 4831.356910  12811.795680   4632.206840   1890.520521   2638.206937   1491.767419   1999.496048    361.701388   2885.880591    857.513809   1272.800333    350.030240    595.130042   1815.113618     19.763711    743.592796   1421.512394    733.733926   1405.388665   1108.463012   1395.842824    588.627888    681.893132    341.806681    842.964545    842.031426    757.774169    521.165113    262.484851    232.514773    478.361682   1217.521316   5770.062501   1310.900316    284.316570    476.812142    328.885610
 2138.994199   6934.755619   1809.529098   2940.715558   4619.821291   6204.428892   4277.385947   3672.164101   4483.404614   1034.707733   1912.914480   1648.261350     92.256420   1626.171200    834.023017    820.584441   1453.962762   1373.002506   1162.383735   1165.013624    650.485599   1002.116272   -254.768094    295.615160    451.685927    373.018121    395.033701    526.725845    502.453768    491.476232    399.247707    657.124334   1310.900316   5143.668130   1025.272701    437.226357    346.425437
 1880.038610    787.477857  -1910.231613   7137.534035   7785.492273   6377.162414   3927.276249   1949.449154   -957.142414     98.482892   1962.158937    733.310948   1027.793347   1902.426734   1723.041860    276.196580    865.443149   1646.288012   1482.072396   1865.375651    597.338738   1409.029342    739.883525    451.172761    208.131068    302.135317    715.383564    629.972826    552.875406    432.325855    765.051619    562.873154    284.316570   1025.272701   5043.394639   1362.824364    450.042742
11961.847417   7399.213093   3751.916774   1372.942922   3331.060590   8897.517433   3736.181752   3532.678147   1553.276238    -11.559715    887.425643    604.497671    858.473982    566.357956    928.717083   1184.848545   1095.901790   1219.366147   1327.008519    911.766170    768.988641    600.563939     53.077818    106.607871    375.997762    377.611305    682.992569    338.931115    494.569674    739.824407    339.474432    375.388811    476.812142    437.226357   1362.824364   4444.908139    911.486327
 -490.484706    -96.002957   3052.153758   2104.839915   4627.893286   1763.423314   1107.593940   -600.083883   1729.370595   -553.005438   1504.749947   2383.258513   1177.818904   1293.679812    919.751813    724.769647    623.519248    237.371300   1002.378011   1016.294751   1501.802924    753.700090    180.427519    312.541529    382.439319    515.478030    728.960317    433.422104    216.892848    403.411185    474.597191    519.185813    328.885610    346.425437    450.042742    911.486327   4345.109585
