 4.31775e-06   3.63742e-06   3.04491e-06   2.57652e-06   2.03063e-06     1.868e-06     1.433e-06   1.17162e-06   9.19175e-07   6.78706e-07   6.21505e-07   4.92384e-07   4.11018e-07   4.18254e-07   3.10163e-07   2.39909e-07   1.22489e-07   7.13509e-08    3.6276e-08   2.77871e-08   1.50672e-08  -4.66267e-11   -1.9865e-08   1.70774e-08
 3.63742e-06   3.93416e-06   3.34072e-06   2.79972e-06   2.21993e-06   1.99426e-06   1.57143e-06   1.26763e-06   1.02024e-06   8.11297e-07   7.56436e-07   6.01604e-07   5.04097e-07   4.74915e-07   3.40858e-07   2.30179e-07   8.47078e-08   4.61209e-08   3.41263e-08   7.31135e-09   2.01192e-09  -1.81163e-08  -5.71011e-08  -7.72025e-09
 3.04491e-06   3.34072e-06   3.45326e-06   2.83972e-06   2.33944e-06   2.08805e-06   1.61965e-06    1.2528e-06   1.06069e-06   8.63665e-07   8.04296e-07   6.47773e-07   5.11211e-07   4.54183e-07   3.03774e-07    2.1587e-07   6.97906e-08   2.19665e-08   3.24611e-08   5.82211e-09  -2.49721e-09   -3.8806e-08  -8.26663e-08  -4.06281e-08
 2.57652e-06   2.79972e-06   2.83972e-06   2.92422e-06   2.40729e-06   2.16553e-06   1.75211e-06   1.39723e-06   1.17998e-06   9.94697e-07    9.1154e-07   7.28753e-07   5.66691e-07   5.06342e-07   3.84487e-07   2.92339e-07   1.14349e-07   5.82169e-08    8.0164e-08   4.03376e-08   4.21302e-08   1.59619e-08  -3.96457e-08   1.25376e-08
 2.03063e-06   2.21993e-06   2.33944e-06   2.40729e-06   2.47575e-06   2.24248e-06   1.81018e-06   1.48643e-06   1.28404e-06   1.04692e-06   9.48599e-07   7.61196e-07    5.8563e-07   4.83765e-07   3.38818e-07   2.46934e-07   1.11752e-07   5.59017e-08   6.12842e-08   2.27964e-08   2.33968e-08  -1.16641e-09  -5.72761e-08  -1.80719e-09
   1.868e-06   1.99426e-06   2.08805e-06   2.16553e-06   2.24248e-06   2.44531e-06   1.99399e-06   1.68076e-06   1.45968e-06   1.18543e-06   1.03625e-06   8.55092e-07   6.63483e-07   5.52786e-07   4.25819e-07    3.3262e-07   2.21956e-07   1.52458e-07   1.46248e-07   8.79807e-08   7.69936e-08   5.82328e-08  -3.93221e-09   4.81167e-08
   1.433e-06   1.57143e-06   1.61965e-06   1.75211e-06   1.81018e-06   1.99399e-06   1.88975e-06    1.5896e-06   1.41002e-06   1.14206e-06    1.0091e-06   8.22779e-07   6.32066e-07   5.26245e-07   4.13507e-07   3.32338e-07   2.21102e-07   1.65023e-07   1.54205e-07   1.03527e-07    7.1854e-08   5.95874e-08  -2.17886e-08   1.25684e-08
 1.17162e-06   1.26763e-06    1.2528e-06   1.39723e-06   1.48643e-06   1.68076e-06    1.5896e-06   1.69896e-06   1.49554e-06   1.22872e-06   1.09133e-06   8.61082e-07   6.82134e-07    5.6592e-07   4.61185e-07   3.43547e-07   2.48846e-07   1.98629e-07   1.73087e-07   1.14121e-07   8.09216e-08   7.09176e-08  -8.70992e-10   3.00926e-08
 9.19175e-07   1.02024e-06   1.06069e-06   1.17998e-06   1.28404e-06   1.45968e-06   1.41002e-06   1.49554e-06   1.59037e-06   1.28164e-06    1.1568e-06   9.23091e-07   7.18283e-07   5.94222e-07   4.60263e-07   3.49217e-07   2.45995e-07   2.03894e-07   1.84788e-07   1.23772e-07   9.32035e-08   8.17836e-08   2.16682e-08   4.93342e-08
 6.78706e-07   8.11297e-07   8.63665e-07   9.94697e-07   1.04692e-06   1.18543e-06   1.14206e-06   1.22872e-06   1.28164e-06   1.32834e-06   1.14865e-06   9.46635e-07   7.30368e-07   6.03512e-07   4.73624e-07   3.71779e-07   2.57129e-07   2.17964e-07   2.01259e-07   1.40611e-07   1.16248e-07   9.22484e-08   3.60185e-08   4.48424e-08
 6.21505e-07   7.56436e-07   8.04296e-07    9.1154e-07   9.48599e-07   1.03625e-06    1.0091e-06   1.09133e-06    1.1568e-06   1.14865e-06   1.22626e-06   1.00148e-06   8.27937e-07   6.77325e-07   5.24674e-07   4.31155e-07   3.02256e-07   2.58928e-07   2.25689e-07   1.46885e-07   1.18636e-07   9.56417e-08   2.89713e-08   5.99405e-08
 4.92384e-07   6.01604e-07   6.47773e-07   7.28753e-07   7.61196e-07   8.55092e-07   8.22779e-07   8.61082e-07   9.23091e-07   9.46635e-07   1.00148e-06   1.01574e-06   8.34544e-07   6.75892e-07   5.21789e-07   4.48948e-07   3.40214e-07   2.90643e-07   2.42289e-07   1.59077e-07   1.29693e-07   1.01402e-07   3.84975e-08   5.50856e-08
 4.11018e-07   5.04097e-07   5.11211e-07   5.66691e-07    5.8563e-07   6.63483e-07   6.32066e-07   6.82134e-07   7.18283e-07   7.30368e-07   8.27937e-07   8.34544e-07   9.08494e-07   7.39666e-07   5.90149e-07   4.95804e-07   3.66143e-07   3.23581e-07   2.70509e-07   1.85951e-07   1.47015e-07   1.13631e-07   6.76828e-08   7.76936e-08
 4.18254e-07   4.74915e-07   4.54183e-07   5.06342e-07   4.83765e-07   5.52786e-07   5.26245e-07    5.6592e-07   5.94222e-07   6.03512e-07   6.77325e-07   6.75892e-07   7.39666e-07   7.71339e-07   6.52594e-07   5.57728e-07   4.11885e-07   3.62991e-07   3.15682e-07   2.39156e-07   1.99351e-07   1.60029e-07   1.24481e-07   1.25693e-07
 3.10163e-07   3.40858e-07   3.03774e-07   3.84487e-07   3.38818e-07   4.25819e-07   4.13507e-07   4.61185e-07   4.60263e-07   4.73624e-07   5.24674e-07   5.21789e-07   5.90149e-07   6.52594e-07   7.02215e-07   6.14492e-07   4.68141e-07    3.8811e-07   3.30798e-07   2.61902e-07    2.1663e-07   1.77275e-07   1.56885e-07   1.48026e-07
 2.39909e-07   2.30179e-07    2.1587e-07   2.92339e-07   2.46934e-07    3.3262e-07   3.32338e-07   3.43547e-07   3.49217e-07   3.71779e-07   4.31155e-07   4.48948e-07   4.95804e-07   5.57728e-07   6.14492e-07   6.91726e-07   5.45806e-07   4.71132e-07   4.10215e-07   3.29053e-07   2.68425e-07   2.24354e-07   1.99075e-07   1.79479e-07
 1.22489e-07   8.47078e-08   6.97906e-08   1.14349e-07   1.11752e-07   2.21956e-07   2.21102e-07   2.48846e-07   2.45995e-07   2.57129e-07   3.02256e-07   3.40214e-07   3.66143e-07   4.11885e-07   4.68141e-07   5.45806e-07    5.9125e-07   5.07407e-07   4.35367e-07   3.49974e-07   2.94384e-07   2.43852e-07   2.18958e-07   1.91561e-07
 7.13509e-08   4.61209e-08   2.19665e-08   5.82169e-08   5.59017e-08   1.52458e-07   1.65023e-07   1.98629e-07   2.03894e-07   2.17964e-07   2.58928e-07   2.90643e-07   3.23581e-07   3.62991e-07    3.8811e-07   4.71132e-07   5.07407e-07   5.78693e-07   4.87975e-07    4.0958e-07   3.36492e-07    2.8627e-07   2.61867e-07   2.13411e-07
  3.6276e-08   3.41263e-08   3.24611e-08    8.0164e-08   6.12842e-08   1.46248e-07   1.54205e-07   1.73087e-07   1.84788e-07   2.01259e-07   2.25689e-07   2.42289e-07   2.70509e-07   3.15682e-07   3.30798e-07   4.10215e-07   4.35367e-07   4.87975e-07   5.47615e-07   4.67778e-07   3.92228e-07   3.35343e-07   2.90666e-07   2.27464e-07
 2.77871e-08   7.31135e-09   5.82211e-09   4.03376e-08   2.27964e-08   8.79807e-08   1.03527e-07   1.14121e-07   1.23772e-07   1.40611e-07   1.46885e-07   1.59077e-07   1.85951e-07   2.39156e-07   2.61902e-07   3.29053e-07   3.49974e-07    4.0958e-07   4.67778e-07   5.20925e-07   4.30868e-07   3.72995e-07   3.29694e-07   2.59899e-07
 1.50672e-08   2.01192e-09  -2.49721e-09   4.21302e-08   2.33968e-08   7.69936e-08    7.1854e-08   8.09216e-08   9.32035e-08   1.16248e-07   1.18636e-07   1.29693e-07   1.47015e-07   1.99351e-07    2.1663e-07   2.68425e-07   2.94384e-07   3.36492e-07   3.92228e-07   4.30868e-07   4.80622e-07   4.26019e-07   3.80486e-07   3.15964e-07
-4.66267e-11  -1.81163e-08   -3.8806e-08   1.59619e-08  -1.16641e-09   5.82328e-08   5.95874e-08   7.09176e-08   8.17836e-08   9.22484e-08   9.56417e-08   1.01402e-07   1.13631e-07   1.60029e-07   1.77275e-07   2.24354e-07   2.43852e-07    2.8627e-07   3.35343e-07   3.72995e-07   4.26019e-07   4.73876e-07   4.12262e-07   3.39712e-07
 -1.9865e-08  -5.71011e-08  -8.26663e-08  -3.96457e-08  -5.72761e-08  -3.93221e-09  -2.17886e-08  -8.70992e-10   2.16682e-08   3.60185e-08   2.89713e-08   3.84975e-08   6.76828e-08   1.24481e-07   1.56885e-07   1.99075e-07   2.18958e-07   2.61867e-07   2.90666e-07   3.29694e-07   3.80486e-07   4.12262e-07    4.6782e-07   3.92985e-07
 1.70774e-08  -7.72025e-09  -4.06281e-08   1.25376e-08  -1.80719e-09   4.81167e-08   1.25684e-08   3.00926e-08   4.93342e-08   4.48424e-08   5.99405e-08   5.50856e-08   7.76936e-08   1.25693e-07   1.48026e-07   1.79479e-07   1.91561e-07   2.13411e-07   2.27464e-07   2.59899e-07   3.15964e-07   3.39712e-07   3.92985e-07   4.41428e-07
