0.00473812  1.76904e-06  -0.00116122  0.00018646  5.06941e-06  3.39988e-06  1.57386e-06  -3.70497e-05  7.91317e-05  -3.87266e-06  -4.274e-05  2.79145e-05  1.06338e-05  -6.02047e-06  -6.89716e-06  -1.5541e-05  1.74922e-05  4.36211e-05  -7.48288e-05  2.78833e-05  1.15426e-05  -2.41767e-05  5.84873e-06  2.01658e-05  -2.63266e-05  -2.84724e-06  1.38644e-05  1.78199e-05
1.76904e-06  0.00295666  -6.90991e-05  -0.000725221  5.96218e-05  8.23796e-05  3.13552e-05  -4.50929e-05  1.06964e-05  3.05989e-05  -6.15435e-05  3.16548e-05  5.85015e-06  -2.52526e-05  3.08719e-05  -1.27717e-05  -1.19845e-05  5.89631e-06  2.0771e-05  -2.59942e-07  2.38348e-06  -2.9306e-05  -1.21063e-05  2.08959e-06  2.4279e-05  1.4197e-05  -2.25045e-06  -3.46167e-05
-0.00116122  -6.90991e-05  0.00183242  -0.000197265  -0.000420534  5.71609e-05  -1.56138e-06  -1.60552e-05  1.6586e-05  1.40249e-05  1.71589e-06  -1.24794e-05  1.00813e-07  -8.92709e-06  4.0131e-06  2.31062e-05  -3.18205e-05  -2.8526e-06  3.48858e-05  -1.88954e-05  -1.02119e-05  1.02022e-05  -1.67075e-06  4.59784e-08  -8.38017e-07  -4.37897e-06  1.36333e-05  4.00062e-06
0.00018646  -0.000725221  -0.000197265  0.00108194  -0.000106678  -0.000311477  5.56112e-06  5.76403e-05  2.78258e-06  5.94243e-07  -3.38291e-06  -1.09673e-05  1.96111e-05  -5.06152e-06  -3.18278e-05  2.70865e-05  1.08822e-05  3.13244e-06  -2.0924e-05  -1.16462e-06  -3.31928e-07  9.0916e-06  2.17466e-06  9.77495e-06  5.92643e-06  -1.4243e-05  -5.91128e-06  1.51788e-06
5.06941e-06  5.96218e-05  -0.000420534  -0.000106678  0.000639845  -0.00011359  -0.000197682  4.44997e-05  1.42139e-05  -2.98102e-06  1.09869e-05  2.58832e-06  -9.69298e-06  -2.56706e-06  1.25734e-05  -1.61982e-05  6.8285e-07  4.13575e-06  3.67217e-07  5.47931e-06  -6.61061e-07  4.47981e-06  1.39888e-06  -1.22653e-05  -5.64212e-07  7.02276e-06  -1.07844e-05  5.97745e-06
3.39988e-06  8.23796e-05  5.71609e-05  -0.000311477  -0.00011359  0.000472508  -7.33314e-05  -0.000166085  2.3073e-05  1.60004e-05  -4.46003e-06  5.4558e-06  -4.60577e-06  1.19091e-05  -1.12915e-05  -1.10918e-06  8.85501e-06  -9.61569e-06  1.0083e-05  -1.11758e-06  -1.00564e-05  -3.17813e-06  1.05947e-05  8.58678e-07  -5.05085e-06  1.35991e-06  6.0478e-06  -7.52297e-06
1.57386e-06  3.13552e-05  -1.56138e-06  5.56112e-06  -0.000197682  -7.33314e-05  0.000390396  -8.86223e-05  -0.000127762  2.42647e-05  -4.01459e-07  9.10887e-07  1.17122e-05  -3.64075e-06  8.00156e-06  -7.04958e-06  -8.85761e-08  4.06965e-07  -5.8997e-06  3.94105e-06  8.69166e-06  -9.25248e-06  -3.229e-06  -3.53093e-07  4.11786e-06  1.90215e-06  1.53566e-06  -2.45656e-06
-3.70497e-05  -4.50929e-05  -1.60552e-05  5.76403e-05  4.44997e-05  -0.000166085  -8.86223e-05  0.000363045  -7.95734e-05  -0.000119309  2.36201e-05  7.5538e-06  2.08219e-06  -7.02723e-06  7.5591e-06  8.38836e-06  -2.90769e-06  -3.03419e-06  1.30085e-06  -7.90306e-06  1.01466e-06  3.9963e-06  -3.40949e-07  6.47928e-06  -1.13411e-05  -4.34817e-06  1.1057e-05  4.68884e-06
7.91317e-05  1.06964e-05  1.6586e-05  2.78258e-06  1.42139e-05  2.3073e-05  -0.000127762  -7.95734e-05  0.000293301  -4.78684e-05  -9.62592e-05  1.00686e-05  1.26526e-05  8.11977e-06  -1.35683e-05  2.70042e-06  1.00509e-05  3.49732e-06  -7.32488e-06  -3.65603e-06  7.43859e-06  -3.23409e-06  -4.024e-06  1.9703e-06  5.63566e-06  3.56193e-06  -2.10143e-05  9.01876e-06
-3.87266e-06  3.05989e-05  1.40249e-05  5.94243e-07  -2.98102e-06  1.60004e-05  2.42647e-05  -0.000119309  -4.78684e-05  0.000235552  -4.88935e-05  -8.4095e-05  1.1672e-05  8.16293e-06  9.53364e-06  -4.30756e-06  -7.87645e-06  5.30653e-06  1.51647e-06  2.47441e-06  -4.27891e-06  5.45567e-06  -1.43526e-06  -2.65897e-06  2.05451e-06  7.21657e-07  5.23192e-06  -8.6263e-06
-4.274e-05  -6.15435e-05  1.71589e-06  -3.38291e-06  1.09869e-05  -4.46003e-06  -4.01459e-07  2.36201e-05  -9.62592e-05  -4.88935e-05  0.000207976  -4.49187e-05  -8.69311e-05  1.5497e-05  1.04956e-05  6.401e-06  -1.23257e-06  -1.16477e-05  7.70424e-06  3.48459e-06  3.88368e-07  -4.75641e-06  2.14063e-06  -3.11686e-06  6.9092e-07  -9.28774e-07  5.21526e-06  -1.00764e-08
2.79145e-05  3.16548e-05  -1.24794e-05  -1.09673e-05  2.58832e-06  5.4558e-06  9.10887e-07  7.5538e-06  1.00686e-05  -8.4095e-05  -4.49187e-05  0.000206726  -4.77124e-05  -8.03591e-05  1.87349e-05  6.88166e-06  -2.14555e-06  4.56829e-06  3.07904e-06  9.98763e-08  -6.56069e-06  -4.12671e-06  6.97973e-06  1.50449e-06  -2.99504e-06  -2.82861e-08  -2.37459e-06  4.28338e-06
1.06338e-05  5.85015e-06  1.00813e-07  1.96111e-05  -9.69298e-06  -4.60577e-06  1.17122e-05  2.08219e-06  1.26526e-05  1.1672e-05  -8.69311e-05  -4.77124e-05  0.00019915  -4.07504e-05  -7.62659e-05  1.24057e-05  1.31497e-05  3.54254e-06  -6.39121e-06  2.2173e-06  -9.50985e-07  5.14522e-06  -5.4965e-06  6.46488e-06  8.65848e-08  -8.22825e-06  -7.00492e-07  7.88804e-06
-6.02047e-06  -2.52526e-05  -8.92709e-06  -5.06152e-06  -2.56706e-06  1.19091e-05  -3.64075e-06  -7.02723e-06  8.11977e-06  8.16293e-06  1.5497e-05  -8.03591e-05  -4.07504e-05  0.000181404  -4.41125e-05  -6.6583e-05  9.12174e-06  1.00861e-05  -1.74311e-06  -9.28701e-07  1.08097e-05  3.59441e-06  -9.867e-06  -4.56031e-06  4.99728e-06  6.3984e-06  -3.79699e-07  -1.19271e-05
-6.89716e-06  3.08719e-05  4.0131e-06  -3.18278e-05  1.25734e-05  -1.12915e-05  8.00156e-06  7.5591e-06  -1.35683e-05  9.53364e-06  1.04956e-05  1.87349e-05  -7.62659e-05  -4.41125e-05  0.000159664  -3.14675e-05  -5.60329e-05  6.91913e-06  9.90469e-06  -1.3507e-06  -1.1313e-06  -1.17196e-06  9.92027e-06  -6.48803e-06  -3.90535e-06  2.69719e-06  4.15515e-06  -3.71624e-06
-1.5541e-05  -1.27717e-05  2.31062e-05  2.70865e-05  -1.61982e-05  -1.10918e-06  -7.04958e-06  8.38836e-06  2.70042e-06  -4.30756e-06  6.401e-06  6.88166e-06  1.24057e-05  -6.6583e-05  -3.14675e-05  0.000157528  -4.12732e-05  -6.34872e-05  1.70879e-05  6.60932e-06  -1.16748e-06  -1.8138e-06  -4.66778e-06  6.61489e-06  4.25434e-06  -1.77508e-06  -7.69393e-06  4.51178e-06
1.74922e-05  -1.19845e-05  -3.18205e-05  1.08822e-05  6.8285e-07  8.85501e-06  -8.85761e-08  -2.90769e-06  1.00509e-05  -7.87645e-06  -1.23257e-06  -2.14555e-06  1.31497e-05  9.12174e-06  -5.60329e-05  -4.12732e-05  0.00014177  -2.75043e-05  -5.67216e-05  1.31042e-05  5.03605e-06  -7.54987e-07  5.4042e-08  4.14288e-06  -5.07861e-06  -2.10399e-06  6.09631e-06  2.48711e-06
4.36211e-05  5.89631e-06  -2.8526e-06  3.13244e-06  4.13575e-06  -9.61569e-06  4.06965e-07  -3.03419e-06  3.49732e-06  5.30653e-06  -1.16477e-05  4.56829e-06  3.54254e-06  1.00861e-05  6.91913e-06  -6.34872e-05  -2.75043e-05  0.000141536  -3.47539e-05  -5.37152e-05  8.51826e-06  8.79899e-06  4.34068e-06  6.28695e-08  -6.76911e-06  1.67787e-06  4.77998e-06  -1.58928e-06
-7.48288e-05  2.0771e-05  3.48858e-05  -2.0924e-05  3.67217e-07  1.0083e-05  -5.8997e-06  1.30085e-06  -7.32488e-06  1.51647e-06  7.70424e-06  3.07904e-06  -6.39121e-06  -1.74311e-06  9.90469e-06  1.70879e-05  -5.67216e-05  -3.47539e-05  0.000128598  -3.39042e-05  -4.79891e-05  1.32417e-05  1.03438e-05  -8.41312e-06  8.88576e-06  -8.94411e-07  -8.80919e-06  3.09981e-06
2.78833e-05  -2.59942e-07  -1.88954e-05  -1.16462e-06  5.47931e-06  -1.11758e-06  3.94105e-06  -7.90306e-06  -3.65603e-06  2.47441e-06  3.48459e-06  9.98763e-08  2.2173e-06  -9.28701e-07  -1.3507e-06  6.60932e-06  1.31042e-05  -5.37152e-05  -3.39042e-05  0.000134484  -3.64733e-05  -5.00667e-05  9.7449e-06  9.63545e-06  -3.00668e-06  5.08142e-06  -2.50447e-06  -2.32235e-06
1.15426e-05  2.38348e-06  -1.02119e-05  -3.31928e-07  -6.61061e-07  -1.00564e-05  8.69166e-06  1.01466e-06  7.43859e-06  -4.27891e-06  3.88368e-07  -6.56069e-06  -9.50985e-07  1.08097e-05  -1.1313e-06  -1.16748e-06  5.03605e-06  8.51826e-06  -4.79891e-05  -3.64733e-05  0.000133749  -2.59232e-05  -5.86159e-05  4.35522e-06  1.43553e-05  2.52306e-06  1.05615e-06  -4.91508e-06
-2.41767e-05  -2.9306e-05  1.02022e-05  9.0916e-06  4.47981e-06  -3.17813e-06  -9.25248e-06  3.9963e-06  -3.23409e-06  5.45567e-06  -4.75641e-06  -4.12671e-06  5.14522e-06  3.59441e-06  -1.17196e-06  -1.8138e-06  -7.54987e-07  8.79899e-06  1.32417e-05  -5.00667e-05  -2.59232e-05  0.000112646  -2.63764e-05  -3.86713e-05  2.19077e-06  -7.89138e-07  1.15213e-05  2.18717e-06
5.84873e-06  -1.21063e-05  -1.67075e-06  2.17466e-06  1.39888e-06  1.05947e-05  -3.229e-06  -3.40949e-07  -4.024e-06  -1.43526e-06  2.14063e-06  6.97973e-06  -5.4965e-06  -9.867e-06  9.92027e-06  -4.66778e-06  5.4042e-08  4.34068e-06  1.03438e-05  9.7449e-06  -5.86159e-05  -2.63764e-05  0.000126936  -3.49283e-05  -4.5397e-05  7.85369e-06  9.6058e-06  4.1147e-06
2.01658e-05  2.08959e-06  4.59784e-08  9.77495e-06  -1.22653e-05  8.58678e-07  -3.53093e-07  6.47928e-06  1.9703e-06  -2.65897e-06  -3.11686e-06  1.50449e-06  6.46488e-06  -4.56031e-06  -6.48803e-06  6.61489e-06  4.14288e-06  6.28695e-08  -8.41312e-06  9.63545e-06  4.35522e-06  -3.86713e-05  -3.49283e-05  0.000121638  -2.80564e-05  -4.46978e-05  1.29874e-05  9.54043e-06
-2.63266e-05  2.4279e-05  -8.38017e-07  5.92643e-06  -5.64212e-07  -5.05085e-06  4.11786e-06  -1.13411e-05  5.63566e-06  2.05451e-06  6.9092e-07  -2.99504e-06  8.65848e-08  4.99728e-06  -3.90535e-06  4.25434e-06  -5.07861e-06  -6.76911e-06  8.88576e-06  -3.00668e-06  1.43553e-05  2.19077e-06  -4.5397e-05  -2.80564e-05  0.000121009  -2.97421e-05  -7.24507e-05  2.68332e-05
-2.84724e-06  1.4197e-05  -4.37897e-06  -1.4243e-05  7.02276e-06  1.35991e-06  1.90215e-06  -4.34817e-06  3.56193e-06  7.21657e-07  -9.28774e-07  -2.82861e-08  -8.22825e-06  6.3984e-06  2.69719e-06  -1.77508e-06  -2.10399e-06  1.67787e-06  -8.94411e-07  5.08142e-06  2.52306e-06  -7.89138e-07  7.85369e-06  -4.46978e-05  -2.97421e-05  0.000119893  -4.07661e-05  -7.11624e-05
1.38644e-05  -2.25045e-06  1.36333e-05  -5.91128e-06  -1.07844e-05  6.0478e-06  1.53566e-06  1.1057e-05  -2.10143e-05  5.23192e-06  5.21526e-06  -2.37459e-06  -7.00492e-07  -3.79699e-07  4.15515e-06  -7.69393e-06  6.09631e-06  4.77998e-06  -8.80919e-06  -2.50447e-06  1.05615e-06  1.15213e-05  9.6058e-06  1.29874e-05  -7.24507e-05  -4.07661e-05  0.000193739  -7.86417e-05
1.78199e-05  -3.46167e-05  4.00062e-06  1.51788e-06  5.97745e-06  -7.52297e-06  -2.45656e-06  4.68884e-06  9.01876e-06  -8.6263e-06  -1.00764e-08  4.28338e-06  7.88804e-06  -1.19271e-05  -3.71624e-06  4.51178e-06  2.48711e-06  -1.58928e-06  3.09981e-06  -2.32235e-06  -4.91508e-06  2.18717e-06  4.1147e-06  9.54043e-06  2.68332e-05  -7.11624e-05  -7.86417e-05  0.000182357
