4895015.867979  75362.014694  12848.895192  39644.454101  45800.611167  26725.069701  17025.181613   6553.095924   5888.979411  -3319.129949   1122.422367   2049.609052    352.512080   2029.845519
75362.014694  901108.253315  55324.912852   4270.412887  16550.583808  12909.397844  13237.635706   6597.786031   5318.736442   2010.173319   3698.696588   2763.335720   1009.179564   1117.570979
12848.895192  55324.912852  284937.870923  30501.159252   8340.744711   8683.925082   4645.444265   1535.816040   3234.888532   2808.986528   3030.731172   2486.947658   1154.816698    361.549529
39644.454101   4270.412887  30501.159252  99783.978585   5671.282482   1347.968452   3939.024675   1984.831103   1739.804912   1682.396904   1205.318099   1337.869034   1108.306735   1182.360116
45800.611167  16550.583808   8340.744711   5671.282482  41622.541679   2047.720273   1429.817660   1268.663044    966.833620   1210.758214   1199.162116   1341.238631   1240.296472    765.503092
26725.069701  12909.397844   8683.925082   1347.968452   2047.720273  21970.526422   1846.703090   1060.856403    620.874466   1253.867014   1089.655425    852.102510    872.633961    727.747755
17025.181613  13237.635706   4645.444265   3939.024675   1429.817660   1846.703090  12860.910903   1268.492010    891.668661    642.934864   1067.099999    858.210077    610.284753    665.690353
 6553.095924   6597.786031   1535.816040   1984.831103   1268.663044   1060.856403   1268.492010   7242.579381    694.327979    411.867488    494.783411    225.384242    540.025437    337.574046
 5888.979411   5318.736442   3234.888532   1739.804912    966.833620    620.874466    891.668661    694.327979   4387.859353    542.040458    541.733239    339.125735    453.111145    307.991237
-3319.129949   2010.173319   2808.986528   1682.396904   1210.758214   1253.867014    642.934864    411.867488    542.040458   3076.820422    552.928388    351.855979    352.638689    236.862719
 1122.422367   3698.696588   3030.731172   1205.318099   1199.162116   1089.655425   1067.099999    494.783411    541.733239    552.928388   2242.469906    421.680068    348.326216    248.375759
 2049.609052   2763.335720   2486.947658   1337.869034   1341.238631    852.102510    858.210077    225.384242    339.125735    351.855979    421.680068   1746.251883    347.175182    296.532248
  352.512080   1009.179564   1154.816698   1108.306735   1240.296472    872.633961    610.284753    540.025437    453.111145    352.638689    348.326216    347.175182   1202.571340    256.508945
 2029.845519   1117.570979    361.549529   1182.360116    765.503092    727.747755    665.690353    337.574046    307.991237    236.862719    248.375759    296.532248    256.508945    971.744609
