0.00189858  -0.00042926  4.33029e-05  -4.67526e-06  1.31109e-05  -9.55023e-06  1.37175e-06  1.6202e-06  5.78296e-06  -9.66799e-07  -1.30434e-05  2.81123e-06  7.45191e-06  -6.71502e-06
-0.00042926  0.000633784  -0.000192051  7.56123e-06  1.06652e-05  -4.91253e-06  -1.43292e-06  3.86701e-06  -2.47681e-06  -1.32748e-06  1.80189e-06  2.82056e-06  -1.67892e-06  5.96986e-07
4.33029e-05  -0.000192051  0.000217709  -9.55061e-05  1.17566e-05  2.58892e-06  3.71542e-08  -3.69849e-06  1.27378e-06  2.9754e-06  -1.90529e-06  1.19649e-07  6.01476e-07  -2.45518e-06
-4.67526e-06  7.56123e-06  -9.55061e-05  0.000141007  -7.2711e-05  7.23e-06  2.44404e-06  3.08318e-06  -1.10257e-06  -2.36022e-06  5.26691e-07  4.94284e-07  -1.70244e-06  4.19663e-06
1.31109e-05  1.06652e-05  1.17566e-05  -7.2711e-05  0.000104257  -5.33238e-05  8.97782e-06  -5.77934e-07  2.24637e-06  -1.45949e-06  1.37799e-06  -1.26931e-06  2.31742e-06  -4.09151e-06
-9.55023e-06  -4.91253e-06  2.58892e-06  7.23e-06  -5.33238e-05  7.76474e-05  -4.76939e-05  1.07428e-05  -2.41085e-06  3.81368e-06  -3.6864e-06  1.94231e-06  -1.61528e-06  2.84381e-06
1.37175e-06  -1.43292e-06  3.71542e-08  2.44404e-06  8.97782e-06  -4.76939e-05  7.07093e-05  -4.22361e-05  9.0618e-06  -1.59318e-06  4.35226e-06  -2.80838e-06  9.09429e-07  -1.67915e-06
1.6202e-06  3.86701e-06  -3.69849e-06  3.08318e-06  -5.77934e-07  1.07428e-05  -4.22361e-05  6.05922e-05  -3.65909e-05  7.7098e-06  -1.11935e-06  9.72933e-07  5.39056e-07  -1.20296e-06
5.78296e-06  -2.47681e-06  1.27378e-06  -1.10257e-06  2.24637e-06  -2.41085e-06  9.0618e-06  -3.65909e-05  5.29758e-05  -3.15019e-05  5.55268e-06  1.89423e-06  -2.53696e-06  3.77553e-06
-9.66799e-07  -1.32748e-06  2.9754e-06  -2.36022e-06  -1.45949e-06  3.81368e-06  -1.59318e-06  7.7098e-06  -3.15019e-05  4.52794e-05  -2.78261e-05  4.73852e-06  2.79078e-06  -3.7923e-06
-1.30434e-05  1.80189e-06  -1.90529e-06  5.26691e-07  1.37799e-06  -3.6864e-06  4.35226e-06  -1.11935e-06  5.55268e-06  -2.78261e-05  4.48199e-05  -2.86711e-05  4.77546e-06  3.16929e-06
2.81123e-06  2.82056e-06  1.19649e-07  4.94284e-07  -1.26931e-06  1.94231e-06  -2.80838e-06  9.72933e-07  1.89423e-06  4.73852e-06  -2.86711e-05  4.33715e-05  -2.68072e-05  1.10654e-05
7.45191e-06  -1.67892e-06  6.01476e-07  -1.70244e-06  2.31742e-06  -1.61528e-06  9.09429e-07  5.39056e-07  -2.53696e-06  2.79078e-06  4.77546e-06  -2.68072e-05  4.19776e-05  -4.49418e-05
-6.71502e-06  5.96986e-07  -2.45518e-06  4.19663e-06  -4.09151e-06  2.84381e-06  -1.67915e-06  -1.20296e-06  3.77553e-06  -3.7923e-06  3.16929e-06  1.10654e-05  -4.49418e-05  7.22273e-05
