17155940.489182  4446223.190391  1010178.541264  334950.509393  117998.182689  -74269.965395  -82104.388784  -88918.678605  85159.020950  -104690.501441  213503.847527  131015.804888  56734.075647  40148.900617  90776.622065  -2093.614340  140965.575401  100241.360527  39964.535182  70245.905193  53062.356116  67496.768561  57593.471614   2391.487185  35562.855075  25558.039899  34406.845936  26399.766859  12823.191888  -9414.471676   2211.715720  52081.663532  -1083.017505  -32816.807272  -3340.748997  -7642.948986   -526.492592  17766.040989   6149.296192  13242.230828  15731.792120     80.520821  -12698.285688  -21191.158306  -2879.453787  -3274.315170  -11363.295717  -11169.082096  -14618.395526    -33.747575  -8662.318869   9464.903694  -16924.242369  14843.628576  -7416.132071   1893.801023
4446223.190391  10950101.609612  2357159.424935  498134.838623  167878.470227  -237543.224319  -250144.201266  -138399.836550  -9016.853228  -126451.025068   3590.516371  55950.635911  -60670.053901  -4619.313593  -4238.607279  -1337.489447  10447.164563  27774.940803  13468.214732  30774.019776  99957.388513  100175.994522  74870.941941  15063.226229   2217.961529   6036.452303   5425.444540  -3189.983015  23559.825273  -12070.271214  -4386.922899   6915.279812  -19225.794074  13338.207033  -25853.197690  23047.686802   5051.606042  24215.774530   2776.358390  21056.779680   3105.751766   2834.046394  -8935.164814   4983.555174  15466.894384  -11544.956261   3719.065589   6402.295677  -7009.512698   9040.470935   6239.789125   3811.941832   5670.194353  12794.512747   2370.687625  -1298.151615
1010178.541264  2357159.424935  7797453.734594  2052584.171902  427210.495733  176095.878732  -31302.160407  -85019.378318  -88621.982687  -82437.644769  19342.360264  185962.507775  52905.203989  172896.920483  88654.690362  52146.856220  -21964.741339  -15021.571510   5829.993906  12385.982691  64204.145872  40096.825286  12851.395931  13371.681701  18844.248408  34065.483823  29448.037401  19532.594455   8006.478713  37507.265199  44647.724846   6960.328470  -3732.039262    926.239711  20893.951724   8749.516192  21625.635002   1975.954110  15943.122302   8558.335200   4995.598065  21374.277779    252.775514  10006.598727   4691.498814  -6362.051537    500.122539   3036.662109   4422.033728  16619.043529   3975.032990  10595.784847   3362.011877   8263.967393    820.103974  -2555.995055
334950.509393  498134.838623  2052584.171903  5298741.114633  1494812.175903  317713.895823  151032.210379  -53694.579352  12285.915713  -21267.372548  62659.438692  168642.031029  149615.594159  105434.239785  46471.202725  20644.432635  -42028.080342  -45697.670088  -10820.537740   6897.425855  45313.363632  34527.602513   4544.378587  10558.617080  23433.041328  12668.091543   6713.851264   8072.348674  -13094.705211   6058.150774  25479.328665  16489.331188   1574.094839  -19155.599649  13585.786183  11010.262322  20870.057500    799.994359  20629.507959   4644.206688   6726.676618   8435.693128  -6431.356690   5139.168096  -1414.274251  -3859.698466   -846.817345   5881.475445   1212.707230   9861.640238   2611.966404   7430.330579  -5507.222021   7018.674787   6469.902388   2730.525478
117998.182689  167878.470227  427210.495733  1494812.175903  3630720.232099  889806.497414  323540.143480  68973.543120  -42565.893412  -2948.159978  64305.485274  32390.279454  63094.380280  -19104.195814   -208.038992  -25542.265493  -3007.339654  -34475.689074  -22962.439396   2676.988571  43740.296998  25237.914893  13687.347264  40800.593692  19233.623064   6084.940761  -1539.146233  18891.497677  15543.384451  14286.168393  -4286.127212   7867.278510   9139.496242  -9526.178144   3181.211227     69.696057   8507.184195   2202.860171   6768.685885   2506.192416   4642.195481  -2061.135519   1030.393310   -788.154942   8893.015136   1930.906099   2890.905803   6120.479270    673.185415   7175.289774    193.587182  -4807.617137   1085.565855   6715.496859   1552.877489    429.714738
-74269.965395  -237543.224319  176095.878732  317713.895823  889806.497414  2945004.105308  866003.058234  175796.719619  -2987.704987  126766.168752   4567.285208   4299.257180  39633.876206  -1810.587726   9625.402888  -18329.574316   5544.462083  43450.117419  12730.813802  22272.457103  38943.111826  39554.816938  14013.217075  22281.557961  18738.084671  14237.162592  36540.691011  12546.896750  25875.273615   6551.890459  24197.590519  29031.405868  34056.934388   3954.004220   2451.024547   1458.701087  16144.229327  15107.567521   4620.987689   3686.719820   3084.309872   5696.040210   9888.964596   1520.503559  -1832.597951  -2516.371122  -2838.915462     99.529081    666.504130   1819.859094   2364.442536   4929.895653   8944.482294    525.823891   3820.648723    721.596300
-82104.388784  -250144.201266  -31302.160407  151032.210378  323540.143480  866003.058234  2342749.127647  485932.882695  113115.607085  71263.606402  -2524.107082   1314.779934  52576.876826  82292.300324    711.776137  -43701.209075   2208.846864  10931.699760  -14177.661415  29739.392374  33852.360976  36427.733726   3810.568297  17011.993180  18729.224113  -6664.647669  27715.674748   9448.910847   9647.854714  18867.851980  23528.819375  12765.608160  21064.450265  -3492.391848   3638.662467  15419.456503  12783.976602   8299.935334  10602.833857   7951.256240   8221.922494   6077.303301    148.225357    549.474085   5685.055919  -1693.273001  -3348.114834   -950.131901   3295.154533   5257.108511   4454.452367  10558.647462   8414.804316   3043.128284   6612.385255   3618.565639
-88918.678605  -138399.836549  -85019.378318  -53694.579352  68973.543120  175796.719619  485932.882695  1661577.044476  440608.488595  118721.009186  18408.129429  -16046.649830  -24364.084217  -29828.716880  10472.292161  48196.837736   8474.081006    373.008448  15084.973230  21015.586733   8051.477886  12547.949455  -2223.414153  -5369.331362  -5104.390714    726.418366   7511.163427  25510.307303  -1795.388267  17163.793469   8718.388389   7573.557627   7397.554960   1053.401816  16433.266139   6145.743390   9116.598257  10026.228018   7070.308619  -1618.882697   1393.947261  14784.712139   5757.071422   9082.659591   4601.748383   9546.632311   2138.427541   1731.288519    944.998899   3681.054902   5781.411210   2713.374855   4059.138660   1994.784078   4424.088799   1816.220844
85159.020950  -9016.853228  -88621.982687  12285.915713  -42565.893412  -2987.704987  113115.607085  440608.488595  1434191.936054  410117.877536  48113.768869  -3738.754823  -86683.092893  -33147.352756   4691.341383  39700.505174  40738.796657  39971.991591  43973.738181    443.994303  19857.259731  16955.536794  -1223.927706  -18254.688536  15096.524404   1347.193871   7842.112028  12818.850670  10277.100162   4594.538394   7146.036551    212.273968   7878.337937   4029.117948  12569.749975   5031.079896   4355.546608   7431.454916   5901.957004   7551.398101  14879.365163   7893.436847   9242.201595   6301.110263  11755.177943   6873.606836  -2442.108347  -7490.702177    244.486806  -1175.186909   7432.869368   3762.500491   4989.975833   7941.321339   9171.356261  -1471.398904
-104690.501441  -126451.025068  -82437.644769  -21267.372548  -2948.159978  126766.168752  71263.606402  118721.009186  410117.877536  1197727.847885  350828.990549  86005.066723  30184.371269  37097.405187  -2658.903449   2825.545279  40168.215796  36402.993095  34159.746152  21498.486464   7027.349629  16714.814264   9074.385134  20576.326694  16771.744680   9425.655011  20520.127082   6943.317630  12901.907144   7703.892944   7070.750479  -2070.371587   9898.966810   6496.910809  -2821.271349  -1449.306231   2308.463060   -592.569503   3418.882840   3840.618150   6801.111422   4274.347197   5582.246522  10438.119403  12435.383063   4557.968508   2404.256669  -5238.205586   1189.764677   3840.590734   6251.266845   9330.324039   6559.652354   8718.243800   6243.119908    182.838164
213503.847527   3590.516371  19342.360264  62659.438692  64305.485274   4567.285208  -2524.107082  18408.129429  48113.768869  350828.990549  1016719.494467  276961.344804  44487.229751  56675.693784  15535.929929  11458.108280  -1444.150543  13512.704266  10040.368301  -1379.859709  14437.646143  10882.868228   2421.295907  25798.885950   7246.977221  12973.189025  20060.689080  14920.730637   5714.740130   7369.787336   6444.719878  -1552.762386   5732.788972   7633.148813   6046.490085  -1217.694582   1766.622958  -1802.180170   3461.070731   5721.703407   3039.715849   3108.697487  -1272.574887   4624.018459   5032.327506   2627.572285   3909.191470   3029.659198   -801.617531   1212.829332   4738.913871    858.151493   3026.517544   3140.923001   1611.177470   -168.182992
131015.804888  55950.635911  185962.507775  168642.031028  32390.279454   4299.257180   1314.779934  -16046.649830  -3738.754823  86005.066723  276961.344804  709019.649745  174362.613317  52247.297449  30081.862693  39114.322690  26037.003776  22475.173017   4297.249240    667.365980   2839.922991  14980.987486  -3216.963023  15082.338760  -3450.491481   9990.307042   7060.359449   7585.554846   7931.761883   3493.008720  12777.857275   3957.300437   1696.043934  -1091.583177  -2299.501171  -5793.676394   7789.580292  -1143.435530   2524.690923   3055.617569    826.719579  -1296.407125  -1050.856611   2299.100455    -55.227849     53.726001   2877.980564  -1035.119876   -462.852643  -1053.361500   4287.830400   1104.575459   3148.227631   5300.735118  -1083.545500    316.585024
56734.075647  -60670.053901  52905.203990  149615.594159  63094.380280  39633.876206  52576.876826  -24364.084217  -86683.092893  30184.371269  44487.229751  174362.613317  625857.636115  157212.108313  43271.474887  35046.818754  31369.318961   8849.156397   8432.614385   3084.439701   4891.482591   8759.254465  -8395.622155  -3297.384253   4458.447569   5768.155162   3014.241772   3207.190197   1987.845110  -7036.788179   5281.289389   3168.236221   1722.742078   -304.041801  -2689.687967  -3984.011090   4130.316677   2798.586971   5694.869806   4416.643280    815.291402  -3447.127284   -921.998596   3787.362119    145.627370   3085.565870   3728.336742   2697.119235   3623.805279   5693.142564   4926.271664   4578.529854   -786.452533   2669.845330  -3005.302959   3423.340160
40148.900617  -4619.313593  172896.920483  105434.239785  -19104.195814  -1810.587726  82292.300324  -29828.716880  -33147.352756  37097.405187  56675.693784  52247.297449  157212.108313  519117.829663  134131.138314  11835.821102  20550.241349  10428.477135   4477.680573  14783.953336   2929.621582   6601.555415  -17341.615900  -1220.664525   6767.612256   2687.869860  -2310.791050  -3865.779001   5561.740105   3500.176104   7423.468831   8408.000145   3437.987133  -1028.984025   3048.828135   -548.897397  -1512.203398   1676.373216   4214.039839   4540.657996  -1145.064689  -2218.853216   -271.472315   4565.653636    694.592376   2534.750183   3620.471071   4539.891322   2429.683696   1201.242867   3620.427747    801.621389  -1178.996840   1675.651784   2455.046691   2068.190731
90776.622065  -4238.607279  88654.690362  46471.202725   -208.038992   9625.402888    711.776137  10472.292161   4691.341383  -2658.903449  15535.929929  30081.862693  43271.474887  134131.138314  380042.540114  80866.544328  12021.945647   7735.476392  13962.091614  -8207.946143  -5669.192639   8710.645422  -4054.424238  -7106.468746   1069.448627   4161.025752    119.419810   1734.708189   3371.525695     -2.481444   3342.051175   6352.044342    379.754642   3735.879124   9282.513879   2875.195173   3143.972796  -1077.827814   2626.785502    875.728137  -2965.578973    497.799417   1562.209263   2257.359850   -903.025250   3439.883503  -1467.145436   1362.458151   2598.757161   -754.585708   1055.890593   1835.476621   -809.296947  -1396.092974    647.112443  -1335.339183
-2093.614340  -1337.489447  52146.856220  20644.432635  -25542.265493  -18329.574316  -43701.209075  48196.837736  39700.505174   2825.545279  11458.108280  39114.322690  35046.818754  11835.821102  80866.544328  338437.618368  96612.463385  20967.733173  19013.811698   2107.562219   -190.929337   7832.271323   7935.280666   5970.607761    815.195133   6558.509210   1737.377257   2707.352577   8553.709290   5707.085649   5813.382875   1767.895490   1875.138780   3640.241810   6521.315163   3822.324293  -1711.059341  -2720.229753    719.929516   3107.881812  -1130.796430   2582.445761   -124.252873   1244.813373    820.017426   6895.206310   2424.493091   4005.357347   2561.736827    828.070948   1713.870604    195.498185   1595.064151    729.602672   3194.256361  -1340.805074
140965.575401  10447.164563  -21964.741339  -42028.080342  -3007.339654   5544.462083   2208.846864   8474.081006  40738.796657  40168.215796  -1444.150543  26037.003776  31369.318961  20550.241349  12021.945647  96612.463385  256923.579102  57563.520213  17941.576792  -4903.484299    241.350080   2678.971462   1246.403309   -405.023828   4441.629724   4624.162514  -3717.706983   3739.413878   3531.145078   6414.529192   5495.821927  -1100.168741   6067.681413   7065.181043   5163.053197   3915.178636  -4251.372979  -1154.123401   6659.723489   6888.755080   3136.021158   3097.678195   2771.627488   1693.427882    873.882274   2251.248892   -709.521807   2068.669608   2568.624646   2313.472469    767.985088   1920.646153   3020.201266    701.151523    772.329044   2173.502873
100241.360527  27774.940803  -15021.571510  -45697.670088  -34475.689074  43450.117419  10931.699760    373.008448  39971.991591  36402.993095  13512.704266  22475.173017   8849.156397  10428.477135   7735.476392  20967.733173  57563.520213  220433.405223  57729.530378  10017.605125   5963.649536   4164.949644  -1585.455075   3023.102729   -990.457009   1407.036043   -749.158147   1333.711244    443.933350   5938.466362    673.531459   5168.293028   2951.052616   1991.805614   2006.160934   4295.675438   2106.357855   1167.176440   1430.391795   5284.548805    443.647082    330.620671   -229.786230    216.152512   1927.376152     98.002981  -1032.058378    825.156853   1297.120941  -1136.982598   1371.329395    628.252795    248.230015    156.392753   1830.555233   2483.950046
39964.535182  13468.214732   5829.993906  -10820.537740  -22962.439396  12730.813801  -14177.661415  15084.973230  43973.738181  34159.746152  10040.368301   4297.249240   8432.614385   4477.680573  13962.091614  19013.811698  17941.576792  57729.530378  189666.519109  44023.070259   9016.061545   8650.547891   1342.805042  -3918.662103  -3103.024320   2483.419281  -1185.800782    509.514279   -208.091924   2841.166523   4803.988114   -142.145147     27.741620   1234.976479   3347.074675   2627.918094   2230.894441   1407.163748   2917.396653    753.539015   1438.604834   -528.291512   -101.519442    555.125954    475.736949     16.725207   2026.922499   2395.443915   1425.497223    506.072116   2239.344673   -273.315927   1971.811110    328.193533   1835.219373   3236.342891
70245.905193  30774.019776  12385.982691   6897.425855   2676.988571  22272.457103  29739.392374  21015.586733    443.994303  21498.486464  -1379.859709    667.365980   3084.439701  14783.953336  -8207.946143   2107.562219  -4903.484299  10017.605125  44023.070259  145159.298804  36202.028733   9565.095690   -231.711476  -2630.175895   4352.008516  -1047.243224   1000.792656  -5441.711314   4230.085885   4333.765059   3288.585187   5400.870155   1637.811804    833.792315   -405.555050    786.542045    932.393418   2808.245607   2695.631408   2892.573432   3304.895756   1329.503540   -356.400770    627.768342   1692.706307   2264.811279   3121.804737   1385.731059   1629.421901   1255.939297   1461.329755   -552.279817    699.727248    588.559707    366.040768    494.679208
53062.356116  99957.388513  64204.145872  45313.363632  43740.296998  38943.111826  33852.360976   8051.477886  19857.259731   7027.349629  14437.646143   2839.922991   4891.482591   2929.621582  -5669.192639   -190.929337    241.350080   5963.649536   9016.061545  36202.028733  142413.649707  37639.816034   6583.695306   6435.675376   6663.931159   2155.741189    249.849395   -447.659146   6913.937553  -1790.284244   2058.756603   1203.880788   3590.402682   3572.098771    862.944747   -690.519222   -227.502475    889.737706   1952.095924   3210.430671    847.337283    795.060327   1645.368297   1560.810607   1117.433074   1541.275068   1937.421040    493.362963   2679.522677   1126.688250   1311.768084   1265.633016   2026.106365    507.159175   1325.993846   1624.115077
67496.768561  100175.994522  40096.825286  34527.602513  25237.914893  39554.816938  36427.733726  12547.949455  16955.536794  16714.814264  10882.868228  14980.987486   8759.254465   6601.555414   8710.645422   7832.271323   2678.971462   4164.949644   8650.547891   9565.095690  37639.816034  120725.725332  30625.094661   4250.013871   1948.702117  -5063.728654   4006.843219   1791.816136   1433.482518   2229.565828   1346.643681  -2498.679119   2647.829366   2826.319600   1133.273649   -189.355123    -80.659438    473.423399   1618.155776   1664.253724   -167.240284    247.800184    121.147797   2330.278376   1055.166269   1445.948569     13.721449    520.446426    950.345579   1104.532671   1716.173920   3436.163671   2702.311360   1208.626968    368.998181    780.374556
57593.471614  74870.941941  12851.395931   4544.378587  13687.347264  14013.217075   3810.568297  -2223.414153  -1223.927706   9074.385134   2421.295907  -3216.963023  -8395.622155  -17341.615900  -4054.424238   7935.280666   1246.403309  -1585.455075   1342.805042   -231.711476   6583.695306  30625.094661  103321.780268  27554.945259   8238.221670  -2114.474877   2151.298141   1542.297024   2103.553992  -3218.875362  -2766.588937   -410.426322    212.210046   1220.316331   2019.164452   1517.972272   3218.728186    126.320636  -1325.468070    534.158801   -206.032494    174.181125    660.977003    583.164085    646.350197    763.245538    211.499433   1867.134804    538.315402   -413.963444   -431.434362    316.831400   1398.725633   1082.520430   1105.705027    444.155197
 2391.487185  15063.226229  13371.681701  10558.617080  40800.593692  22281.557961  17011.993180  -5369.331362  -18254.688536  20576.326694  25798.885950  15082.338760  -3297.384253  -1220.664525  -7106.468746   5970.607761   -405.023828   3023.102729  -3918.662103  -2630.175895   6435.675376   4250.013871  27554.945259  96610.647602  22766.996720   1926.407401   3121.600368  -1843.735194   3626.291201  -2311.542904   1293.921892   1882.369189   2114.379447    846.606467    413.535454   1325.956826   2706.616770    937.117602    325.592680    555.685827  -2240.143689    180.653845   1603.102687   3401.374208   1473.931420    433.688898    700.203812    481.320684   -335.392365    720.871285    -95.824016    -15.859089    687.929062   1497.467257   1032.800380    373.483397
35562.855075   2217.961529  18844.248408  23433.041328  19233.623064  18738.084671  18729.224113  -5104.390714  15096.524404  16771.744680   7246.977221  -3450.491481   4458.447569   6767.612256   1069.448627    815.195133   4441.629724   -990.457009  -3103.024320   4352.008516   6663.931159   1948.702117   8238.221670  22766.996720  78364.567167  18902.939360   4981.104873   5692.395985   6582.288811   2603.089348   1096.213379    390.617347  -2923.146378    620.280047   3062.391298    903.957551   1108.082685    995.202851   2009.098675    532.595827    378.859163   1398.705526    921.246959   1266.933453   2286.295605   2492.288231   2301.332042   2313.106454    782.853503   1778.006455   1894.582676    900.842563    990.353661    358.250152   1291.332013   1064.925833
25558.039899   6036.452303  34065.483823  12668.091543   6084.940761  14237.162592  -6664.647669    726.418366   1347.193871   9425.655011  12973.189025   9990.307042   5768.155162   2687.869860   4161.025752   6558.509210   4624.162514   1407.036043   2483.419281  -1047.243224   2155.741189  -5063.728654  -2114.474877   1926.407401  18902.939360  69377.003069  19106.488341   4649.439898   -116.726347   -578.622481   1740.290634   -282.915623  -1138.647481  -2631.631013      2.670293   1044.496484   1367.205735   1202.566899   1629.906412   1051.270188    600.193761    113.081404  -1157.441136    311.413349    587.223221   1444.583409    366.962691   2540.890755   1440.737655   1710.090278   1981.977084    398.188626    842.920468   1465.965921   1186.844799    -71.882128
34406.845936   5425.444540  29448.037401   6713.851264  -1539.146233  36540.691011  27715.674748   7511.163427   7842.112028  20520.127082  20060.689080   7060.359449   3014.241772  -2310.791050    119.419810   1737.377257  -3717.706983   -749.158147  -1185.800782   1000.792656    249.849395   4006.843219   2151.298141   3121.600368   4981.104873  19106.488341  66828.895370  16211.008719   4961.136465   1207.398946   1508.342195   -329.844662     42.873956    517.625025   2147.166913   2432.662672   1878.281979   1944.616722     28.172332    776.144234   1563.178402    686.200573    634.978366   1116.532394   1663.046057    299.963157    315.682961   1585.277179    878.397769   1444.968958   1831.223156   1033.808280   1246.512089    998.803962   1337.123121    -57.997185
26399.766859  -3189.983015  19532.594455   8072.348674  18891.497677  12546.896750   9448.910847  25510.307303  12818.850670   6943.317630  14920.730637   7585.554846   3207.190196  -3865.779001   1734.708189   2707.352577   3739.413878   1333.711244    509.514279  -5441.711314   -447.659146   1791.816136   1542.297024  -1843.735194   5692.395985   4649.439898  16211.008719  56660.021990  14896.915729   2962.257816   3590.859483   2421.530541   1978.101644    185.026985   -478.672989    710.230536    301.875361   2478.503557   2244.503169   -355.621419   -147.308088    764.115167   1317.959547   2468.844054    623.377482    702.705861   -530.612081   1353.894443    702.351357    338.875357   1079.528471   2264.935508   1900.300553   1048.760883   1260.000879   1078.719963
12823.191887  23559.825273   8006.478713  -13094.705211  15543.384451  25875.273615   9647.854714  -1795.388267  10277.100162  12901.907144   5714.740130   7931.761883   1987.845110   5561.740105   3371.525695   8553.709290   3531.145078    443.933350   -208.091924   4230.085885   6913.937553   1433.482518   2103.553992   3626.291201   6582.288811   -116.726347   4961.136465  14896.915729  49194.945751   9446.875751   5006.496393   3481.964623   2835.845622  -1849.442077    465.772968   -150.024394   -403.168089   1312.224714   1793.856130   1231.409052    780.257888    790.161340   -222.335252   1849.113162   -327.795277    424.856935   -522.135413   -282.019691   1305.596100   1779.322634   1023.672778    674.913550   1689.984320   1094.586357    801.721648    969.532030
-9414.471676  -12070.271214  37507.265199   6058.150774  14286.168393   6551.890459  18867.851980  17163.793469   4594.538394   7703.892944   7369.787336   3493.008719  -7036.788179   3500.176104     -2.481444   5707.085649   6414.529192   5938.466362   2841.166523   4333.765059  -1790.284244   2229.565828  -3218.875362  -2311.542904   2603.089348   -578.622481   1207.398946   2962.257816   9446.875751  46084.157214  14107.760800   3362.919889   2106.134201   -993.624166    812.330759    656.717984   1514.687356   2528.839749   1831.585192    612.947317    783.791986   1526.199036    899.239093   1950.986416    256.075370   1173.439166      1.309672    338.850377    869.011200   1002.880997   1341.293814   1022.075254   1740.146239    546.520709    952.044612   1291.234541
 2211.715720  -4386.922899  44647.724846  25479.328665  -4286.127212  24197.590519  23528.819375   8718.388389   7146.036551   7070.750479   6444.719878  12777.857275   5281.289389   7423.468831   3342.051175   5813.382875   5495.821927    673.531459   4803.988114   3288.585187   2058.756603   1346.643681  -2766.588937   1293.921892   1096.213379   1740.290634   1508.342195   3590.859483   5006.496393  14107.760800  43834.826530  11442.803949   1038.789979      2.408075   1475.438699   1422.100957   1163.088632   1866.361635   1246.657270   1169.996328     41.181920   1266.764441    859.334409    699.294610    310.214358   1594.414454    164.252193   -212.335234    596.402611   1808.463068    895.906285    333.212765   1879.777818    608.191774   1707.229183    617.356345
52081.663532   6915.279812   6960.328470  16489.331188   7867.278510  29031.405868  12765.608160   7573.557627    212.273968  -2070.371587  -1552.762386   3957.300437   3168.236221   8408.000145   6352.044342   1767.895490  -1100.168741   5168.293028   -142.145147   5400.870155   1203.880788  -2498.679119   -410.426322   1882.369189    390.617347   -282.915623   -329.844662   2421.530541   3481.964623   3362.919889  11442.803949  33588.364161   8843.723150    690.933475   2142.463360   1462.518700   2479.660799   1219.754941    526.230381    394.406661    944.183749   1339.870585    355.500891      7.697798    495.560012   1336.755898    815.462715    884.907066    775.157170   1412.545525    886.688298    577.342773    856.527459    812.053205   1588.226892   1318.942236
-1083.017505  -19225.794074  -3732.039262   1574.094839   9139.496242  34056.934388  21064.450265   7397.554960   7878.337937   9898.966810   5732.788972   1696.043934   1722.742078   3437.987133    379.754642   1875.138780   6067.681413   2951.052616     27.741620   1637.811804   3590.402682   2647.829366    212.210046   2114.379447  -2923.146378  -1138.647481     42.873956   1978.101644   2835.845622   2106.134201   1038.789979   8843.723150  31061.545881   6625.740297   1893.172785    239.767314   2065.737679   1247.385286    858.273996   1252.537453    759.258666    594.263232    958.822858   1505.420136   1571.438782   1148.634262    722.685089    149.315950    594.690956    332.745631   1034.746646   1038.099368   1345.638769   1094.538893    598.835514   1145.846792
-32816.807272  13338.207033    926.239711  -19155.599649  -9526.178144   3954.004220  -3492.391848   1053.401816   4029.117948   6496.910809   7633.148813  -1091.583177   -304.041801  -1028.984025   3735.879124   3640.241810   7065.181043   1991.805614   1234.976479    833.792315   3572.098771   2826.319600   1220.316331    846.606467    620.280047  -2631.631013    517.625025    185.026985  -1849.442077   -993.624166      2.408075    690.933475   6625.740297  26759.384842   6882.004000   1815.815336   1053.960139   1041.199066    829.571988    638.320041    930.315846    334.896761    893.408593   1371.232460   1343.708740    746.847778   -331.678309     91.126456    816.795182    842.078902    595.197120    308.136227   1672.544506    455.678878    133.440128   -120.953995
-3340.748997  -25853.197690  20893.951724  13585.786183   3181.211227   2451.024547   3638.662467  16433.266139  12569.749975  -2821.271349   6046.490085  -2299.501171  -2689.687967   3048.828135   9282.513879   6521.315163   5163.053197   2006.160934   3347.074675   -405.555050    862.944747   1133.273649   2019.164452    413.535454   3062.391298      2.670293   2147.166913   -478.672989    465.772968    812.330759   1475.438699   2142.463360   1893.172785   6882.004000  26299.548559   6349.389162   2291.473782    891.845328    991.243832    889.296277    179.419626    -67.399608    243.895648    294.519007    721.879582    176.205290    809.701034   1122.940581    512.902033    606.652043    -44.415418   -296.575803    842.496870     90.958132     40.581604    184.822347
-7642.948986  23047.686802   8749.516192  11010.262322     69.696057   1458.701087  15419.456503   6145.743390   5031.079896  -1449.306231  -1217.694582  -5793.676394  -3984.011090   -548.897397   2875.195173   3822.324293   3915.178636   4295.675438   2627.918094    786.542045   -690.519222   -189.355123   1517.972272   1325.956826    903.957551   1044.496484   2432.662672    710.230536   -150.024394    656.717984   1422.100957   1462.518700    239.767314   1815.815336   6349.389162  21138.035122   5873.500453   2086.150748    640.256915   1337.037935   -289.016445    454.697642    202.147092    864.187567    477.644066    177.252966    751.139855    203.043879    802.507452    174.352807    397.659568    307.443742    939.818990    298.299955     54.152039    308.913918
 -526.492592   5051.606042  21625.635002  20870.057500   8507.184195  16144.229327  12783.976602   9116.598257   4355.546608   2308.463060   1766.622958   7789.580292   4130.316677  -1512.203398   3143.972796  -1711.059341  -4251.372979   2106.357855   2230.894441    932.393418   -227.502475    -80.659438   3218.728186   2706.616770   1108.082685   1367.205735   1878.281979    301.875361   -403.168089   1514.687356   1163.088632   2479.660799   2065.737679   1053.960139   2291.473782   5873.500453  21713.296100   5805.851406    -94.037357   1083.830238    100.513803     91.881552    782.625647    991.019447   1260.464073    531.274957    255.115260   -594.547316    515.548199     32.081596    390.950467     -8.759344    -27.849240    349.412087    197.240548    489.091457
17766.040989  24215.774530   1975.954110    799.994359   2202.860171  15107.567521   8299.935334  10026.228018   7431.454916   -592.569503  -1802.180170  -1143.435530   2798.586971   1676.373216  -1077.827814  -2720.229753  -1154.123401   1167.176440   1407.163748   2808.245607    889.737706    473.423399    126.320636    937.117602    995.202851   1202.566899   1944.616722   2478.503557   1312.224714   2528.839749   1866.361635   1219.754941   1247.385286   1041.199066    891.845328   2086.150748   5805.851406  18823.090572   4278.018962   1860.368952    401.007787    556.424441    292.711913    254.954728     23.856031   -113.308991   -235.549980   -195.005256    614.183198   1360.626942    708.297123    166.852273    302.562774    245.248813    215.655480    497.524784
 6149.296192   2776.358390  15943.122302  20629.507959   6768.685885   4620.987689  10602.833857   7070.308619   5901.957004   3418.882840   3461.070731   2524.690923   5694.869806   4214.039839   2626.785502    719.929516   6659.723489   1430.391795   2917.396653   2695.631408   1952.095924   1618.155776  -1325.468070    325.592680   2009.098675   1629.906412     28.172332   2244.503169   1793.856130   1831.585192   1246.657270    526.230381    858.273996    829.571988    991.243832    640.256915    -94.037357   4278.018962  15620.848711   3943.326257   1708.021839    454.565488    470.600284    388.052580    840.367092    280.486286   -103.055128     22.266141    313.970524   1177.449840    440.523278    436.691362    587.389268    127.567491    610.601968    591.837398
13242.230828  21056.779680   8558.335200   4644.206688   2506.192416   3686.719820   7951.256240  -1618.882697   7551.398101   3840.618150   5721.703407   3055.617569   4416.643280   4540.657996    875.728137   3107.881812   6888.755080   5284.548805    753.539015   2892.573432   3210.430671   1664.253724    534.158801    555.685827    532.595827   1051.270188    776.144234   -355.621419   1231.409052    612.947317   1169.996328    394.406661   1252.537453    638.320041    889.296277   1337.037935   1083.830238   1860.368952   3943.326257  15962.882348   4282.981221    918.420841    685.988036    696.116517    671.329513     58.937251    618.903122    396.163376    711.093439   1069.203720    314.045518    200.734184    315.245965    632.563554    528.186073    759.476047
15731.792120   3105.751766   4995.598065   6726.676618   4642.195481   3084.309872   8221.922494   1393.947261  14879.365163   6801.111422   3039.715849    826.719579    815.291402  -1145.064689  -2965.578973  -1130.796430   3136.021158    443.647082   1438.604834   3304.895756    847.337283   -167.240284   -206.032494  -2240.143689    378.859163    600.193761   1563.178402   -147.308088    780.257888    783.791986     41.181920    944.183749    759.258666    930.315846    179.419626   -289.016445    100.513803    401.007787   1708.021839   4282.981221  15169.180213   3209.725916    976.377855    136.802602    926.426844     13.223311    402.337259    601.937956    535.228859    507.158638    545.256756    366.501110    834.917851    518.587393    718.028839    687.658459
   80.520821   2834.046394  21374.277779   8435.693128  -2061.135519   5696.040210   6077.303301  14784.712139   7893.436847   4274.347197   3108.697487  -1296.407125  -3447.127284  -2218.853216    497.799417   2582.445761   3097.678195    330.620671   -528.291512   1329.503540    795.060327    247.800184    174.181125    180.653845   1398.705526    113.081404    686.200573    764.115167    790.161340   1526.199036   1266.764441   1339.870585    594.263232    334.896761    -67.399608    454.697642     91.881552    556.424441    454.565488    918.420841   3209.725916  12551.316955   3097.040755   1059.083015    455.293958    883.231278    255.944335    669.414452    637.588951    704.967498    548.851612    830.343015    648.361214    440.128350    919.499324    295.825496
-12698.285688  -8935.164814    252.775514  -6431.356690   1030.393310   9888.964596    148.225357   5757.071422   9242.201595   5582.246522  -1272.574887  -1050.856611   -921.998596   -271.472315   1562.209263   -124.252873   2771.627488   -229.786230   -101.519442   -356.400770   1645.368297    121.147797    660.977003   1603.102687    921.246959  -1157.441136    634.978366   1317.959547   -222.335252    899.239093    859.334409    355.500891    958.822858    893.408593    243.895648    202.147092    782.625647    292.711913    470.600284    685.988036    976.377855   3097.040755  11895.234813   2936.170132    757.053991    106.349051   -183.282894    678.030111    465.541226    230.456217    516.782013    170.579066    517.045846    198.226359   -137.343857    239.836725
-21191.158306   4983.555174  10006.598727   5139.168096   -788.154942   1520.503559    549.474085   9082.659591   6301.110263  10438.119403   4624.018459   2299.100455   3787.362119   4565.653636   2257.359850   1244.813373   1693.427882    216.152512    555.125954    627.768342   1560.810607   2330.278376    583.164085   3401.374208   1266.933453    311.413349   1116.532394   2468.844054   1849.113162   1950.986416    699.294610      7.697798   1505.420136   1371.232460    294.519007    864.187567    991.019447    254.954728    388.052580    696.116517    136.802602   1059.083015   2936.170132  11291.565950   3319.980442   1237.978686    362.501598    101.900255    358.036551    219.786392    602.553966    544.861209    603.050596    718.471928    423.452417    246.355523
-2879.453787  15466.894384   4691.498814  -1414.274251   8893.015136  -1832.597951   5685.055919   4601.748383  11755.177943  12435.383063   5032.327506    -55.227849    145.627370    694.592376   -903.025250    820.017426    873.882274   1927.376152    475.736949   1692.706307   1117.433074   1055.166269    646.350197   1473.931420   2286.295605    587.223221   1663.046057    623.377482   -327.795277    256.075370    310.214358    495.560012   1571.438782   1343.708740    721.879582    477.644066   1260.464073     23.856031    840.367092    671.329513    926.426844    455.293958    757.053991   3319.980442   9805.534664   2355.694966    981.597031    352.699418    349.425967    -36.800557    813.517058    527.464729    528.979014    681.523192    544.995870    352.112662
-3274.315170  -11544.956261  -6362.051537  -3859.698466   1930.906099  -2516.371122  -1693.273001   9546.632311   6873.606836   4557.968508   2627.572285     53.726001   3085.565870   2534.750183   3439.883503   6895.206310   2251.248892     98.002981     16.725207   2264.811279   1541.275068   1445.948569    763.245538    433.688898   2492.288231   1444.583409    299.963157    702.705861    424.856935   1173.439166   1594.414454   1336.755898   1148.634262    746.847778    176.205290    177.252966    531.274957   -113.308991    280.486286     58.937251     13.223311    883.231278    106.349051   1237.978686   2355.694966   9815.097670   2509.963626   1037.085116    738.908229    529.283280    527.133778    455.900700    843.185236    609.010630    720.422172    420.391923
-11363.295717   3719.065589    500.122539   -846.817345   2890.905803  -2838.915462  -3348.114834   2138.427541  -2442.108347   2404.256669   3909.191470   2877.980564   3728.336742   3620.471071  -1467.145436   2424.493091   -709.521807  -1032.058378   2026.922499   3121.804737   1937.421040     13.721449    211.499433    700.203812   2301.332042    366.962691    315.682961   -530.612081   -522.135413      1.309672    164.252193    815.462715    722.685089   -331.678309    809.701034    751.139855    255.115260   -235.549980   -103.055128    618.903122    402.337259    255.944335   -183.282894    362.501598    981.597031   2509.963626   8834.820798   2384.459888    949.034537     58.108985    362.057605     17.828784    673.986031    184.698200    665.366913    234.919531
-11169.082096   6402.295677   3036.662109   5881.475445   6120.479270     99.529081   -950.131901   1731.288519  -7490.702177  -5238.205586   3029.659198  -1035.119876   2697.119235   4539.891322   1362.458151   4005.357346   2068.669608    825.156853   2395.443915   1385.731059    493.362963    520.446426   1867.134804    481.320684   2313.106454   2540.890755   1585.277179   1353.894443   -282.019691    338.850377   -212.335234    884.907066    149.315950     91.126456   1122.940581    203.043879   -594.547316   -195.005256     22.266141    396.163376    601.937956    669.414452    678.030111    101.900255    352.699418   1037.085116   2384.459888   8500.350063   1811.881445    752.023662    821.885622    242.812234    478.040515    485.800006    134.539584    461.860499
-14618.395527  -7009.512698   4422.033728   1212.707230    673.185415    666.504130   3295.154533    944.998899    244.486806   1189.764677   -801.617531   -462.852643   3623.805279   2429.683696   2598.757161   2561.736827   2568.624646   1297.120941   1425.497223   1629.421901   2679.522677    950.345579    538.315402   -335.392365    782.853503   1440.737655    878.397769    702.351357   1305.596100    869.011200    596.402611    775.157170    594.690956    816.795182    512.902033    802.507452    515.548199    614.183198    313.970524    711.093439    535.228859    637.588951    465.541226    358.036551    349.425967    738.908229    949.034537   1811.881445   7548.732679   1943.876796    890.602177    633.313869    646.172475    552.648349    349.971362    279.901883
  -33.747575   9040.470935  16619.043529   9861.640238   7175.289774   1819.859094   5257.108511   3681.054902  -1175.186909   3840.590734   1212.829332  -1053.361500   5693.142564   1201.242867   -754.585708    828.070948   2313.472469  -1136.982598    506.072116   1255.939297   1126.688250   1104.532671   -413.963444    720.871285   1778.006455   1710.090278   1444.968958    338.875357   1779.322634   1002.880997   1808.463068   1412.545525    332.745631    842.078902    606.652043    174.352807     32.081596   1360.626942   1177.449840   1069.203720    507.158638    704.967498    230.456217    219.786392    -36.800557    529.283280     58.108985    752.023662   1943.876796   7834.971941   1916.268156    479.094613    209.102877    653.180284    486.143345    416.411825
