 4.28858e-06   3.40626e-06   2.69783e-06   2.05001e-06   1.61072e-06   1.20188e-06   8.03612e-07   6.44041e-07   4.85074e-07   4.14939e-07   3.31847e-07   2.06467e-07    8.9142e-08   3.72237e-08   4.24332e-08  -1.78516e-08   1.25151e-08
 3.40626e-06   3.63684e-06   2.94088e-06   2.26916e-06    1.7653e-06   1.30145e-06   9.55331e-07    7.9867e-07    5.9962e-07    4.6373e-07   3.35613e-07   1.61259e-07   1.66833e-08   2.36144e-10  -4.26948e-09  -5.03242e-08  -4.06094e-08
 2.69783e-06   2.94088e-06   2.93813e-06   2.34412e-06   1.85252e-06   1.36093e-06   1.03446e-06   9.03093e-07   6.75934e-07   5.02795e-07   3.61185e-07   2.03029e-07   6.18337e-08   6.08264e-08   4.01788e-08  -8.86213e-09  -9.82089e-09
 2.05001e-06   2.26916e-06   2.34412e-06   2.44111e-06   2.01344e-06   1.54033e-06   1.18925e-06   1.00114e-06   7.50079e-07   5.32601e-07   3.67798e-07   2.14768e-07   9.53916e-08   6.96455e-08   4.08233e-08   2.82645e-09  -1.02093e-08
 1.61072e-06    1.7653e-06   1.85252e-06   2.01344e-06   2.09343e-06   1.64588e-06   1.30127e-06   1.05899e-06   7.98722e-07   5.75883e-07   4.13063e-07   2.83427e-07   1.80052e-07   1.40375e-07   9.64724e-08   5.98035e-08   2.43412e-08
 1.20188e-06   1.30145e-06   1.36093e-06   1.54033e-06   1.64588e-06   1.66635e-06   1.36962e-06   1.13415e-06   8.31921e-07   6.20237e-07   4.47238e-07   3.00038e-07   2.04291e-07   1.56921e-07   9.56857e-08   5.09146e-08   1.16323e-08
 8.03612e-07   9.55331e-07   1.03446e-06   1.18925e-06   1.30127e-06   1.36962e-06    1.3967e-06   1.17965e-06   8.77601e-07   6.42258e-07    4.5259e-07    3.0967e-07   2.18763e-07   1.74721e-07   1.24658e-07   8.52814e-08   4.58612e-08
 6.44041e-07    7.9867e-07   9.03093e-07   1.00114e-06   1.05899e-06   1.13415e-06   1.17965e-06   1.22556e-06   9.54655e-07   7.20582e-07   5.08696e-07   3.60115e-07   2.60247e-07   1.96168e-07   1.33657e-07   8.05349e-08   4.22464e-08
 4.85074e-07    5.9962e-07   6.75934e-07   7.50079e-07   7.98722e-07   8.31921e-07   8.77601e-07   9.54655e-07   9.67865e-07   7.53591e-07    5.4485e-07    4.1156e-07   3.11891e-07   2.28282e-07   1.53176e-07   9.84261e-08   4.98409e-08
 4.14939e-07    4.6373e-07   5.02795e-07   5.32601e-07   5.75883e-07   6.20237e-07   6.42258e-07   7.20582e-07   7.53591e-07   8.10735e-07    6.2698e-07   4.67418e-07   3.55917e-07   2.85086e-07   1.94128e-07   1.34259e-07   1.02524e-07
 3.31847e-07   3.35613e-07   3.61185e-07   3.67798e-07   4.13063e-07   4.47238e-07    4.5259e-07   5.08696e-07    5.4485e-07    6.2698e-07   6.86375e-07   5.49977e-07   4.04605e-07   3.18433e-07   2.33446e-07   1.79051e-07    1.5526e-07
 2.06467e-07   1.61259e-07   2.03029e-07   2.14768e-07   2.83427e-07   3.00038e-07    3.0967e-07   3.60115e-07    4.1156e-07   4.67418e-07   5.49977e-07    6.1999e-07   4.97123e-07   3.98071e-07   2.97775e-07   2.34551e-07   1.95422e-07
  8.9142e-08   1.66833e-08   6.18337e-08   9.53916e-08   1.80052e-07   2.04291e-07   2.18763e-07   2.60247e-07   3.11891e-07   3.55917e-07   4.04605e-07   4.97123e-07    5.7088e-07   4.66345e-07   3.64281e-07   2.87486e-07   2.37277e-07
 3.72237e-08   2.36144e-10   6.08264e-08   6.96455e-08   1.40375e-07   1.56921e-07   1.74721e-07   1.96168e-07   2.28282e-07   2.85086e-07   3.18433e-07   3.98071e-07   4.66345e-07   5.28436e-07   4.32649e-07    3.4342e-07   2.69805e-07
 4.24332e-08  -4.26948e-09   4.01788e-08   4.08233e-08   9.64724e-08   9.56857e-08   1.24658e-07   1.33657e-07   1.53176e-07   1.94128e-07   2.33446e-07   2.97775e-07   3.64281e-07   4.32649e-07   4.76554e-07   4.09869e-07   3.39144e-07
-1.78516e-08  -5.03242e-08  -8.86213e-09   2.82645e-09   5.98035e-08   5.09146e-08   8.52814e-08   8.05349e-08   9.84261e-08   1.34259e-07   1.79051e-07   2.34551e-07   2.87486e-07    3.4342e-07   4.09869e-07    4.6628e-07   3.92777e-07
 1.25151e-08  -4.06094e-08  -9.82089e-09  -1.02093e-08   2.43412e-08   1.16323e-08   4.58612e-08   4.22464e-08   4.98409e-08   1.02524e-07    1.5526e-07   1.95422e-07   2.37277e-07   2.69805e-07   3.39144e-07   3.92777e-07   4.47812e-07
