 7.22313e-06   5.12999e-06   3.93069e-06    2.9423e-06   2.14466e-06    1.5782e-06   1.17271e-06   8.13878e-07   6.44405e-07   4.79089e-07   3.41607e-07   2.14596e-07   4.36457e-08  -5.84083e-09  -8.65537e-08  -8.96946e-08  -2.61053e-08   5.56491e-08   4.11437e-08  -4.11822e-08  -9.02995e-08
 5.12999e-06   5.14072e-06   4.02867e-06   3.02443e-06    2.2236e-06   1.73907e-06   1.29882e-06   9.51849e-07   6.72022e-07   4.77847e-07   4.29447e-07   3.27463e-07    1.4035e-07   5.87906e-08  -2.48908e-08  -4.45138e-08  -2.28474e-08   2.90856e-08  -3.77921e-08  -8.65362e-08  -1.45872e-07
 3.93069e-06   4.02867e-06   4.32008e-06   3.35172e-06   2.54595e-06   1.94743e-06   1.39615e-06   9.75548e-07   6.77659e-07   5.01932e-07   4.20913e-07   3.11697e-07    1.4551e-07   7.61469e-08   3.31399e-08   4.60307e-09   6.94071e-09   5.29376e-08   -2.2966e-08  -5.09246e-08  -7.64734e-08
  2.9423e-06   3.02443e-06   3.35172e-06    3.5289e-06   2.76637e-06   2.10289e-06   1.47717e-06   1.06076e-06   8.22225e-07   6.13114e-07   4.65395e-07   2.93895e-07   9.31093e-08   2.57564e-08  -5.54738e-09  -1.75509e-08  -5.28775e-08  -4.17614e-10  -3.39011e-08  -4.87849e-08  -3.67616e-08
 2.14466e-06    2.2236e-06   2.54595e-06   2.76637e-06   2.75861e-06   2.22921e-06   1.61746e-06   1.17589e-06   9.61945e-07   7.00444e-07   4.97304e-07   3.29589e-07    1.2077e-07   5.10655e-08   1.80759e-08   9.29668e-09  -2.56865e-08   1.15086e-08   -4.2983e-08   -6.8294e-08  -4.98027e-08
  1.5782e-06   1.73907e-06   1.94743e-06   2.10289e-06   2.22921e-06   2.36589e-06   1.83684e-06   1.39243e-06    1.1034e-06   8.07239e-07   5.58754e-07    3.7338e-07   2.00057e-07   1.23892e-07   6.93227e-08   6.17075e-08   1.39336e-08   2.84213e-08  -6.15626e-09  -6.66134e-08  -4.88947e-08
 1.17271e-06   1.29882e-06   1.39615e-06   1.47717e-06   1.61746e-06   1.83684e-06   1.76849e-06   1.41213e-06   1.12331e-06    8.1123e-07   5.56138e-07   3.97035e-07   2.39911e-07   1.64735e-07    9.9952e-08   6.76921e-08   6.53605e-09   1.02157e-08  -1.73604e-08  -7.69219e-08  -5.73243e-08
 8.13878e-07   9.51849e-07   9.75548e-07   1.06076e-06   1.17589e-06   1.39243e-06   1.41213e-06     1.486e-06   1.20961e-06   8.76825e-07   6.16691e-07   4.16223e-07   2.53003e-07   1.90262e-07   1.16724e-07   8.66909e-08   3.72136e-08   3.57229e-09  -1.14381e-08    -6.883e-08  -5.52968e-08
 6.44405e-07   6.72022e-07   6.77659e-07   8.22225e-07   9.61945e-07    1.1034e-06   1.12331e-06   1.20961e-06   1.26723e-06   9.66065e-07   6.91294e-07   4.79449e-07   3.04648e-07   2.30516e-07   1.40929e-07   9.65911e-08   4.05661e-08   2.74314e-09    -2.307e-08  -5.99995e-08  -4.51965e-08
 4.79089e-07   4.77847e-07   5.01932e-07   6.13114e-07   7.00444e-07   8.07239e-07    8.1123e-07   8.76825e-07   9.66065e-07   9.74703e-07   7.33007e-07   5.14314e-07   3.68596e-07   2.76316e-07   1.74466e-07   1.18659e-07   5.60767e-08   1.58766e-08  -2.67511e-08  -4.51968e-08  -3.23615e-08
 3.41607e-07   4.29447e-07   4.20913e-07   4.65395e-07   4.97304e-07   5.58754e-07   5.56138e-07   6.16691e-07   6.91294e-07   7.33007e-07   7.80228e-07   6.01867e-07   4.14349e-07   3.26469e-07   2.19483e-07   1.53111e-07   1.12171e-07   5.29048e-08  -5.03974e-09   -2.8171e-08  -2.89666e-08
 2.14596e-07   3.27463e-07   3.11697e-07   2.93895e-07   3.29589e-07    3.7338e-07   3.97035e-07   4.16223e-07   4.79449e-07   5.14314e-07   6.01867e-07   6.72603e-07    5.1071e-07   3.88052e-07   2.79063e-07   1.98703e-07   1.68256e-07      9.28e-08   3.98605e-08   1.17636e-08  -1.14111e-08
 4.36457e-08    1.4035e-07    1.4551e-07   9.31093e-08    1.2077e-07   2.00057e-07   2.39911e-07   2.53003e-07   3.04648e-07   3.68596e-07   4.14349e-07    5.1071e-07   5.76515e-07   4.75893e-07   3.49543e-07   2.57749e-07   2.14841e-07   1.31905e-07   8.67847e-08   4.85222e-08   1.18485e-08
-5.84083e-09   5.87906e-08   7.61469e-08   2.57564e-08   5.10655e-08   1.23892e-07   1.64735e-07   1.90262e-07   2.30516e-07   2.76316e-07   3.26469e-07   3.88052e-07   4.75893e-07   5.41627e-07   4.32394e-07   3.26118e-07   2.64845e-07   1.61809e-07    1.2198e-07   8.18931e-08   3.93698e-08
-8.65537e-08  -2.48908e-08   3.31399e-08  -5.54738e-09   1.80759e-08   6.93227e-08    9.9952e-08   1.16724e-07   1.40929e-07   1.74466e-07   2.19483e-07   2.79063e-07   3.49543e-07   4.32394e-07   4.88601e-07   3.99376e-07   3.19524e-07   2.06316e-07   1.62022e-07   1.15469e-07   5.79225e-08
-8.96946e-08  -4.45138e-08   4.60307e-09  -1.75509e-08   9.29668e-09   6.17075e-08   6.76921e-08   8.66909e-08   9.65911e-08   1.18659e-07   1.53111e-07   1.98703e-07   2.57749e-07   3.26118e-07   3.99376e-07   4.60013e-07   3.87423e-07    2.6317e-07   2.00714e-07   1.51634e-07   8.94564e-08
-2.61053e-08  -2.28474e-08   6.94071e-09  -5.28775e-08  -2.56865e-08   1.39336e-08   6.53605e-09   3.72136e-08   4.05661e-08   5.60767e-08   1.12171e-07   1.68256e-07   2.14841e-07   2.64845e-07   3.19524e-07   3.87423e-07   4.47313e-07   3.36579e-07   2.55406e-07   1.83384e-07     1.113e-07
 5.56491e-08   2.90856e-08   5.29376e-08  -4.17614e-10   1.15086e-08   2.84213e-08   1.02157e-08   3.57229e-09   2.74314e-09   1.58766e-08   5.29048e-08      9.28e-08   1.31905e-07   1.61809e-07   2.06316e-07    2.6317e-07   3.36579e-07   3.77132e-07   3.19294e-07    2.4622e-07   1.64028e-07
 4.11437e-08  -3.77921e-08   -2.2966e-08  -3.39011e-08   -4.2983e-08  -6.15626e-09  -1.73604e-08  -1.14381e-08    -2.307e-08  -2.67511e-08  -5.03974e-09   3.98605e-08   8.67847e-08    1.2198e-07   1.62022e-07   2.00714e-07   2.55406e-07   3.19294e-07   3.81584e-07   3.07827e-07   2.14878e-07
-4.11822e-08  -8.65362e-08  -5.09246e-08  -4.87849e-08   -6.8294e-08  -6.66134e-08  -7.69219e-08    -6.883e-08  -5.99995e-08  -4.51968e-08   -2.8171e-08   1.17636e-08   4.85222e-08   8.18931e-08   1.15469e-07   1.51634e-07   1.83384e-07    2.4622e-07   3.07827e-07   3.37425e-07   2.54903e-07
-9.02995e-08  -1.45872e-07  -7.64734e-08  -3.67616e-08  -4.98027e-08  -4.88947e-08  -5.73243e-08  -5.52968e-08  -4.51965e-08  -3.23615e-08  -2.89666e-08  -1.14111e-08   1.18485e-08   3.93698e-08   5.79225e-08   8.94564e-08     1.113e-07   1.64028e-07   2.14878e-07   2.54903e-07   2.76247e-07
