23734050.398338  7037127.423411  3639460.327577  1117183.723810  -391957.333182  830960.160243    739.072245  85620.342799  396947.941716  57670.291452  -42481.537828  -323151.912895  36482.951290  -132542.846253  -221823.678095  255576.778199  158850.340519  -155382.899774  15450.716362  321534.669882  115257.108859  -35633.836712  174753.687399  220877.216982  156095.583988  -67826.386520  -85117.509319  114338.326178  -11044.679283  -23669.166455  -145179.331583  171084.450147  40501.527905  26975.732259  194124.565378  84993.539545  11029.025480  87758.907264  156217.141159  13278.535811  82458.209780  76952.873433  106945.214109  58259.134668  102966.973073  -26371.279763  -44148.869082  -6733.061644  -26978.274502  -35338.507840  -14411.569476  39533.435577   5279.548810  -52621.911896     13.539040  -53628.159174  20337.593521  -21954.249836  -2693.315284  -39901.463618  -14155.486469  63984.444876  40859.775358  24187.587178   5095.835302  32296.762349  -48613.447690  14185.220647  -8764.283625  24112.604958  -2379.722013  -20678.487287  25455.203757  11663.313201  18839.057224  18333.704533  11645.294831   7027.804409  33382.029899  27311.380766  -6058.440988   7797.207717   7660.252812  -20493.278886  -3124.310032  -26248.209795  -3067.863177   8019.950613   -613.355289  -42011.706630  -1207.614291  -5780.924089   2089.055387   9136.020450  -7484.245520   5541.040209  -3452.445442  15706.827425  -8206.122117  -9232.568463  -15454.858217   -170.817207  16610.097256  16766.844045  -46646.139561  15788.155283  38681.755632  -16485.968206    398.724116  11598.064533
7037127.423411  20880276.945113  4991839.509132  2472627.503063  490874.603813  661792.902972  -78637.124407  271969.151588  376951.295127  -143405.025157  -131257.971262  -161846.188285  -201178.447957  -302404.414767  162824.787349  -36186.945133  36784.831551  -272621.174846  -115241.100501  -5070.558421  94974.670474  69534.936102  -31672.816045  -10840.873300  11599.332418  56856.917189  111406.853206  131307.858349  -118550.806098    839.906449  -125184.546698  43048.057403   4819.964540   -738.581145  63032.606351  29642.452489  -31459.371965  46079.945797  43765.356892  37672.664371  83560.433846  40050.104522  127418.374411  71121.395583  101817.438970  45264.921948  37681.059878  -20922.823196  -70151.570561  -81234.363230   1581.132376  59846.711975  -3389.466239  11848.089102  -32231.413470  51507.032992   6810.189842  -61762.822339  14487.226750  -74512.288971  -20430.055856  25358.483981  -2878.085401  -40369.015179  -26337.249413  23651.253211  -25770.309893  -54437.809047  -19849.795933  41611.840491  -18499.506938  -9919.725651  -2021.703791   4574.961846  69632.807268  10198.718912  -15188.419885  17395.811156  42054.905766  20530.006998    862.615574  13005.609475  -29038.398262  -13696.026285  -19006.549425  -15064.521847   5954.223800   9908.502382  -7410.252162  -24701.167496  -21983.923039  -10754.998230  20093.582566   8101.848511   9796.691645  -34041.825904  -14016.808118  -2298.745721  14507.606780  38172.593307  -19858.210044  -9411.359536  23418.910768  17122.371872  -12549.375697  -5491.312518  36683.170507  13735.806593  -10836.726631  -5179.881034
3639460.327577  4991839.509132  14375623.384247  3743146.214029  2396954.719587  1294407.662682  26012.597155  84728.829492  24025.444983  -215399.812112  -377663.399574  -376326.474550  -223166.195438  -368117.762732  -4593.825923  -55882.390517  21496.376490  -14212.728971  -140800.680705  -156778.836414  116886.478908  145849.053682  20341.364880  -80308.563765  -127222.741231  -48732.349546  -88782.994870  -9071.185277  -19336.759238  12782.506272  73558.408707  42688.842102  -35840.335998  19529.020102  30639.800572  39661.185896   7488.289248  37006.208314   5981.459813  124369.579912  131137.512288  79343.830919  142059.772357  33715.105829  98021.340516  -21780.728872  13934.847301  38055.658296  35589.200526  14653.891299  60512.189059  -39930.675953  17427.305361  43794.739472  -40283.976577  21897.911412  17815.691451  -3037.600913  -4422.302695  17996.245557  33704.233859  13077.069502  -4899.841866   3934.545908  -21662.498431  32329.347336  16387.604678  -45565.943489   7205.234715  48624.045575  15215.808902   7343.247946  18450.370809   1442.656658  27261.077432  -1004.174618  14183.499744  14689.513610  14928.586440  17153.269089  -21442.432545  20500.571295   1017.959106  -1408.906652  -5836.843187  14056.262214   9513.983141  30470.860740  21126.459655  -10153.599663   3993.545838  -9614.095533  15120.281001  13495.475723  -4009.398319   -138.483836  10550.886773  15697.190298   6573.509871  14231.397972  -5273.105909  16849.535243  -13653.541640  15235.727834   1505.533067  -2459.381349  23946.707936   7209.636044  -1306.911761  -4687.190348
1117183.723810  2472627.503063  3743146.214029  12636748.299503  3513167.312061  2379434.621331  583521.823226  149955.791249  36792.266544  165334.468068  367940.177781  51324.218426  -151675.159405  -5400.510009  -104090.108850  -172512.758149  -158012.839714  -128237.389791  -46163.914692  165376.557232  27530.072712  26226.907881  105874.339806  103462.936043  -138703.316410  96918.954804  165838.046779  85372.118116  94477.745284  116206.273691   6613.456402  -29961.617022  -83514.297229  14428.259713  62167.254328  -18073.856481  113940.216519  -9726.137742  36773.160596  96191.899120  29125.635323  59667.145463  73292.835777  -42890.587473  40073.358755  42168.156407  70767.139129  29210.742889  -3422.582359  -3443.143928  -13823.060180  -31228.818000  37585.831710  -3856.225110   1206.626745  -18746.900842  29430.320029  37445.887648  13925.530770  55307.789952  11870.289661  -12545.027101   5597.916399   3612.754268  -13617.578340  -8804.148175  20033.165244   4315.318546  27159.497003  -1432.754422   1644.750176  29901.656871  18973.110610   8395.339886   3486.904767  -6695.681780  18648.978678  12108.429836  -5655.595228  27844.105225  -22598.094682  23332.036252  11537.090740   4411.593829  -10725.767352  18862.617297  11434.322153  19819.642828   5052.379532  -6253.461898  -5210.725116  -14630.231426   9488.273062  -1671.985157   -837.919668  -7630.026897  21021.706801  24257.869320  22113.759911  23941.770209  -7442.945888   1703.972154   1502.029444   2074.722806   2878.686511  -3865.652365  15250.749582   7520.152807  -8975.241451  -15731.175647
-391957.333182  490874.603813  2396954.719587  3513167.312061  11590237.366034  3348595.537452  1818485.711423  1094277.907357  390506.564251  175711.195419  12194.978153  -167860.577229  138882.066520  -256548.768708  33513.904338  12356.274791  -51913.120445  -95791.455426  -63464.275827  -152284.245016  56752.392421  211554.188493  373101.198880  150537.614175  98810.860570  150654.655278  266531.737155   3121.382401  176278.987590  91032.121044   3372.888956  44957.642248  -21094.184913  -40478.758171  -84547.606629  -88944.830281  27330.925805  81208.050523  -53091.890404  103898.504750  31476.719567  -7476.589445  39391.928774  -11833.933719  60841.078223  -44093.479637  -5518.014614    712.557112  47492.848290  82514.405731  62574.360825  16558.228368  84770.859288  71130.867223   4972.856522   6220.180726  13591.340251  47814.843749  48276.813002  82495.142323  29517.899234  16020.140703  16234.939080  -23456.142187  17748.216489  -27387.914274  19168.394334  32447.003219  18291.190206  45724.460774  -12014.102542  13879.769988  24351.334138   -141.985112  -2863.680007  21739.699436  27837.029317  12085.180398  14505.489018  22416.629678  -7530.221231  14702.354082  35032.610607  14057.291093  -7884.056368  10840.816082    308.662957   1125.089880  -5438.796149  -15090.322719   1113.030754  12195.849837  -5765.790239  -2902.520283  16179.957526  -1383.664305   5954.657432  21912.920322     51.305858   2782.507425  -2076.367969  13922.385609  23046.063774   1083.085430   7120.356104   8484.712793  12605.140434  -4486.661332   8875.625142   -448.672991
830960.160243  661792.902972  1294407.662682  2379434.621331  3348595.537453  8589186.943955  2372426.386405  1271183.999318  827188.254819  178772.886203  107804.222133  193652.068778  75670.843520  -15647.958116  50553.801771  190255.915908  22313.438914  15123.289838  23035.590187  34068.496133  -31606.154144  119037.723891  158500.762565  70220.303109  169209.527335  205653.245704  156114.583971  73520.193079  43864.610982  98812.548392   1363.184753  64420.170029  -106353.654051  -37772.248821  -51581.630697  -50506.692582  -29298.558079  -8861.392653  40755.587686  57206.099782  21361.372710  10200.376812  41476.650926   7562.468486  28871.641817  -9571.567319  15460.031216  -33988.792336  60307.851507  39541.894399  -19423.921192  -13711.295078  -3306.227868  35182.083961  -1214.568468  -29963.797781  -21611.648779   2588.106836  19431.553541  44436.984575  36028.875486  38523.823610  10782.338255   6348.576769  -28058.688924  -24828.284507  -16876.489127  13342.891854  14765.929227  28087.343452    806.333238  27606.370793  10555.210029  11721.780889   1184.184605  18141.376435  28979.851859  -12475.577527  22160.648252  19749.534269   5452.408368  24611.110480   -645.246657  10887.179424  -31171.542488   9778.444602  21202.652895  11340.215444  -1359.754813  -2040.168547  -16261.636288  -16721.902984   9337.057363   8352.671768   4033.363021  -3606.708195  -4114.910353  12571.814434  17019.466249   9756.915959   9523.642270   8808.863051   3318.247235  -15689.553518  -11949.636966  -5954.125378  21700.773963  13559.881211    722.525235   -647.784579
  739.072245  -78637.124407  26012.597154  583521.823225  1818485.711423  2372426.386405  7878721.154617  2389233.091884  1524058.830791  654993.830890  379792.426876  185940.513666  147949.569156  -206985.031194  -37629.823190  -7880.385936  -143652.728983  -118944.811970  -5324.353585  25847.250039  223820.484876  150078.518248  244758.193505  185205.708263  166940.876824  41423.170367  23724.987078  -86378.072744  160806.811812  -40487.849288  25560.734442  -8569.537378  -103060.850088  -26823.047707  -66089.732316  -13339.156208  48851.213298  -5799.552692  -1061.635932  15908.468363  85337.525142  45066.834001  40327.044784  -32771.484031  14307.585576  -1613.349357  37959.863624  49465.639415  17090.644013  -6895.215917  37689.038350  30083.190960  13167.633372  10959.743345  -12255.504501  28206.335131  -28797.157813   2957.503373   -477.103026   9025.522189  13376.982590   4409.905022  12984.556095  17941.754925  10177.823368  -36405.782110    335.050733   5221.717211  20405.207856  14996.647774    941.662664  16230.136640  29042.520715  -1892.189568  -7262.054611  23319.813780  12242.223029  11065.038785  -2122.979989   4838.862815  -2614.984256   9063.362493   1020.888410   6180.530211  -12514.548126  -8685.480210  -1477.360227  -8000.580441  -7219.233624   3388.432142   -684.775868  -9823.413546  13088.956259   2271.249086   8833.341577   4748.568971   7524.633968  18619.617279  -8087.287488  -6429.354169  -2057.082201  16183.624916   1872.780930  -5615.888822  10475.209707   8806.330807   3549.621217   2837.871800   8754.401260   1981.195788
85620.342799  271969.151588  84728.829491  149955.791249  1094277.907357  1271183.999317  2389233.091884  6231306.442461  1673773.768298  1203505.507396  394687.905873  367510.397807  132459.319744  -177810.931809  50667.832393  -42597.031845  -248581.695145  -26474.565957  -121714.098773  40515.676441  -50887.424406  101580.808973   8777.013350  119637.771962  55773.453081  -45421.381623  12262.729313  -21258.971770  75807.489976  -71616.522638  29961.794331  32545.620719  -63949.807466  -43955.783918  -78122.242926  -2191.084333  -32908.321579  -33037.946026   5854.333076  35543.657742  73109.289633   5266.938395   7634.808266   7416.033321  -25614.104928  40918.493849  38669.313977  30619.916864  34019.545814    241.120342   8128.732613  -16575.319925  11243.313926   8284.493065   7690.915409  38743.143275    327.771271  -8439.544199     86.639893  -25844.040876  -23594.698667  14143.949412  -23347.746988    157.061785   4661.020576  -21195.656016  -6840.659516  22138.993648   9665.277647   9173.741906   6369.959121  -8925.945021   8978.933959  14776.924450  -8085.434174  14528.510196   3577.552823   4876.304237  -18238.722387   2957.715082  16605.570183  -16137.768235   6616.395741   1202.358525  -6791.422654  -6326.912415   -384.093618   8493.347308   6008.360338   3300.164339  -11640.850179  10578.474262    700.324959   6569.439055   4185.530104  10226.496072  -8095.005268   5419.412498  11036.279028  -10474.750183  15071.915927   2230.540589  -3522.717654  -1913.680183   6112.275869   6340.598832  12138.116160  -5028.476128   7006.068866   3145.079672
396947.941716  376951.295128  24025.444983  36792.266544  390506.564251  827188.254819  1524058.830791  1673773.768298  5034402.220178  1446311.477067  750769.022616  643118.103040  138612.568497  101910.058055  280480.825321  74940.458488  33622.152483    298.426973  123077.524907  116056.467583  137478.451889  31281.940130  -7732.167599  -12570.429617  90708.301182  -38296.633822  -5775.103575  -60928.687706  14140.746459  -87115.126387  20247.398315  -18405.492172  37303.786516  -46052.569267  25372.227902  -65647.402914  10168.772995  -13999.665594  43737.906896  27465.746275  39166.557268  46023.304296  38949.905541   7366.694461  61379.741118  27716.942582  55901.451917  -7123.512444  21484.388608   3024.538786  12129.383926  -18616.920581  15588.039126  33530.640444  24193.259529   8468.897326  15834.596236  43631.429486  18751.217903  11272.922509  17294.213494  38292.810102   1377.832895   9246.768404  21040.756934  -11215.058315   -189.286137  -8369.023869  -8128.043170  -9505.382764  -4490.921787  19071.549449  13314.664376   3917.674880  -1211.126860  11538.331294  -2127.848092   8672.098512  13126.776790  -1034.177917    782.636588   1392.908883   -636.185305  18234.604240  -9575.996684  -3592.336048   6447.431719   5370.111402  15382.280339  16122.594894   -857.747934  -1806.250346   2611.568298  11212.445411   2628.701777  -2541.974029   3243.900469   7611.041676   4771.493183   5252.347856  -8823.951018   5721.852693  -22049.451915  -3391.169224   3500.175357  10343.826770  -1526.970920  -2116.946613   6381.655413   1138.255091
57670.291452  -143405.025157  -215399.812112  165334.468068  175711.195419  178772.886203  654993.830890  1203505.507396  1446311.477066  5357315.526433  1481093.246718  818581.225067  505748.207255  299197.054663  263732.614605  132725.375687  201949.397092  158745.126899  101120.063396  -35424.035709  -60751.725998  45759.746024  -65547.648179  -51283.489975  56595.582466  -33388.150060  57063.255746  56323.166318  -45250.902256  -28120.176248  -12302.199798  -9143.197205  -17546.123155  60969.374199  54229.047141  37006.249427  -34190.434896   9998.146782  49553.346930  104812.498582   8720.266266  59830.628236  -3967.844183   9030.020736  14034.470414  48800.776705  56390.279728  45900.124285  17034.688564  26691.614557  37126.935980  32520.213423  39202.219880   6843.671423  -7320.242561  25602.705762   4597.652907   -513.589005   5275.427545   2072.010559  19500.529695  39309.582405  40942.631200  35255.419814  21826.870156   3008.646841  -3434.926870   7600.797474   3165.690727    297.963194   6319.250309  15813.429619   3862.814098  11693.334517   9120.371362  -3841.808121   8337.145184  -2702.047251  12508.027889   2622.887808  11187.014218  -1917.048166  15745.375243  10572.322169  17140.666564  -21425.937155    279.793121  -1912.345126    736.663563  -6768.697004    665.902912  -8731.504490    106.076854  -7098.037954      3.602513  -2259.428434  -1951.526327  -2473.547327    525.033129  -6920.003640    802.138878   8886.973328   2593.195321   8484.777887  12850.967564   4621.643930   4389.762223    392.146321  10093.896211  -1630.280701
-42481.537828  -131257.971262  -377663.399574  367940.177781  12194.978153  107804.222133  379792.426876  394687.905873  750769.022616  1481093.246718  3811544.313089  1206111.522154  812078.226902  313115.465655  -111974.116043  -184340.820201  -64503.285741  65658.241206  181382.183428  85419.510507  -6385.205852  94596.938829  -65138.704840  81695.210915  46760.323140  -38882.031033  14400.227557  -16065.768498  40708.810627  -74975.973338  36579.580400   7604.418830  29198.719892  10042.908061  56621.542229  26192.474320  14709.039433   2918.597988  28033.814149   7636.650622  46148.911201  55665.158841  41044.569876  -6822.963600  37644.527117  -22081.057044  24430.126510  14036.471689   5704.128162    210.000872   3142.641158  48076.699921  26527.518924   9846.548102  33223.940857  33123.679343  34016.269040  14168.436013   4795.200988  26499.649534  39882.214593  15799.177866  26502.316395  42826.352224  33401.366095  15037.441312   -794.513508   7110.501233  -5715.585359  -5563.350693   5655.620046  19000.128304  22216.341920  27824.973401   9296.555524  12121.866497    459.392152     95.826788   5600.982325   8608.508247  -7711.999513  -4162.464029  13743.080873   7715.270666   6531.779366   7115.811123  12545.919472  -2414.878683  -3004.452605  -9120.704937   4693.789276    962.174305  -4578.703804   3201.870404   2032.044561    873.716165   4326.304852   3429.980418   4083.188003   2356.835539   9840.221154   3340.764084   5444.981429   9681.693264   5799.522403  -2992.815021  -1544.365942  -3127.345632   8893.597775   4223.097427
-323151.912895  -161846.188285  -376326.474550  51324.218426  -167860.577229  193652.068777  185940.513666  367510.397807  643118.103040  818581.225067  1206111.522154  3581782.697230  1202148.143823  576564.807701  201644.101693  -9492.835501  169470.360262  68752.046229  -11641.758556  -26679.953495  -128610.209265  -88499.983386  -47766.002841  -45027.666533  12061.733111  25596.049469  112496.545939  -10155.842791  31741.793598  -69941.592089  -19824.807970  47640.180593  -28351.427224  32816.863156  23149.871814   9910.398811  -9437.994766  20471.000404  71748.883760  21744.696618  39675.408892  25079.800615  45632.113416  -26614.248033   6603.440691  -17480.692069  55188.578790   5083.681588   7402.296313  18671.174340  -14658.353361  30740.093088  19350.266690   -109.366127  -21487.632637  16926.229637  -12455.501017   8681.532291  15153.477783   5295.923653  31104.706608  37669.691594  -16513.334212  30089.143671  11034.507491   3582.303622  -6660.952217   -380.608518  -2227.094954  20330.014209   6745.948907  18443.553382  -1777.992183   6416.243598  18171.892031   7688.515564  14429.908082   -881.276998  31559.275296  21071.090324  -3031.785973   -761.748308  20472.478193   8735.641099   -361.068543  -3788.453765  -2103.602792   6698.401564   4918.913650   -339.395677   1000.323917  -2316.990472  -5126.828033   3367.484791  -6165.444420   5107.311664  -3093.593602   2408.907956   6584.845762   7408.699691  -3310.252905   2183.120144  11088.003545   6287.767916   2793.590618   -992.824889   3925.863050   9250.116194   3667.674427  -2291.409291
36482.951290  -201178.447957  -223166.195438  -151675.159405  138882.066520  75670.843520  147949.569156  132459.319744  138612.568497  505748.207255  812078.226902  1202148.143823  3384917.525715  783417.889263  378470.678463  265446.715280  28328.400471  165731.135293  67080.485965  140831.234437  -4731.739414  101895.107471  39714.104458  116630.381679  122436.952175  132678.960526  58216.681955  -28598.090588  11836.892592  -63696.975351  -24528.952996  -1955.561563  -4468.373931  -4504.865035  -7621.784708  -22982.766740  -34429.344040  -9822.308228  31221.236770  10566.515081  61235.788693  37425.847240  37136.203071  18599.698597  16211.259751  19110.709491  11664.666074  32510.951716  29921.256668  -10060.135693  -19322.063833  17817.083821  42506.475211  14263.924747  45147.564812  27096.284713   7940.498233  10010.593227  41597.683563  31492.498258  25568.219626  12325.840992  18330.991066  18573.713718  24811.866990  -10978.360819     68.324190  21328.818260  -3159.265859  18350.169616  16479.735409  16600.554338  18138.520568   4658.639417   3788.771619   9717.709179  10557.653214  -7127.590716   8346.349015  19374.707844  -4101.843619   1507.922603   3014.580480  -5501.305557  -2348.744864   -700.269258   8599.762220   2052.823170   9043.294601  -10788.696429   3237.346490  -1124.686566  -4747.570995  -5858.636639   4830.291411  14182.289647  -2845.017236   5579.346590   6366.417395  12573.093240   1394.199292   8817.923658  19605.659078  13253.791244  11401.568821   2418.268332   6812.631554   5278.132235   8236.628888  12533.763122
-132542.846253  -302404.414767  -368117.762732  -5400.510009  -256548.768708  -15647.958116  -206985.031194  -177810.931809  101910.058055  299197.054663  313115.465655  576564.807701  783417.889263  2857439.122917  700569.592125  488645.464484  216436.265438  113509.144671  -16206.999461  -19686.393975  -34121.962352  44379.227683   7847.302231   5492.332520  -13207.391715  -43830.277602  -55079.947835   1208.117425  -14729.616055  28873.239829   8636.451534   3169.939733  -12765.198018  17694.436262  16714.806262  35734.433224  -15252.116433  -3160.416635  26066.939482  13811.601195  -26232.247290  17023.439074  -1574.378634  15293.544180   -457.960536    465.036203  -20121.386903   7242.547082  -15137.229262  -20953.496274  15266.567677  22900.463234  22898.602517  13104.999601  28075.400686  20600.933552  13744.595441  21167.000891  22996.271588  -2684.882840  13544.288103   9361.201463   8314.715927  17607.849821  21023.361073   4938.308509   7185.802562  11120.989659  14977.447174  10671.471596  11094.558129   9205.205673  15112.994197   3666.311730  12387.682274     16.984821  22486.671232   -455.605764   1733.690117   3121.497484   3581.839943   8028.895331  21480.374741  -4937.669367   5470.028078   7525.469616   3798.641134  15153.710250  -2061.034391   8906.544773   8034.365969   4286.685375   4070.663221   1664.537365  -1091.035275  -2447.636930   -881.800151    588.648961   7684.881626  13265.521074  -3892.805826  -3380.714002   4320.343325  -1609.559415   7174.514758  -3709.847753    869.612657    849.156564   3608.853696  -2219.529472
-221823.678095  162824.787349  -4593.825923  -104090.108850  33513.904338  50553.801771  -37629.823190  50667.832393  280480.825321  263732.614605  -111974.116043  201644.101693  378470.678463  700569.592125  2383227.001248  679293.097096  392173.971998  220130.300010  163853.174882  64893.859889  62782.571589  -43447.813756  -73492.401214  -44677.465294  -44216.426828  -23520.718954   3259.195637  10660.433232  45523.967693  112459.707295  46454.913225  31112.985836  14314.901014  -3620.458718  -29374.959696  28580.033291  10853.594701  40696.334267  20122.328811  35359.701921  11580.621546  26529.592470   9084.502604  -15318.822110  -8461.301378   8678.084624  -10683.453265  -3233.549884  -9175.244137  13583.455753  -5454.361452  -9068.395323  -7042.487245  15880.415505  45160.568891  -26696.175623  -15271.132938   -254.739848  24634.792173  17924.378290   6004.636977  11232.487116   1529.805265  -26291.645038  16127.665154  -8536.128074    268.343787  26069.369177  13943.522468  18528.604900  -15307.401082   4411.940192   7548.396454   4515.615549  19218.196557   5913.635015   -252.588708  -5254.966459  -2531.487233  -5998.349653   4734.243888  10463.966709  19091.983748  17378.873954   5200.632064  16404.638264   8861.945740   6625.244068  -1217.686800  13422.564051   7892.158707  -2806.036379   2899.037139   6562.972508     23.571744   6591.031971    597.076981   2888.881857   3415.513048  10691.149422   3361.362926    689.285527   8830.303192   1309.543321   9143.871105   3987.809015   6888.584878   7304.001613   5984.944787  -4742.036020
255576.778199  -36186.945133  -55882.390517  -172512.758149  12356.274791  190255.915908  -7880.385936  -42597.031845  74940.458488  132725.375687  -184340.820201  -9492.835501  265446.715280  488645.464484  679293.097096  2270556.857939  705655.071870  548638.194211  123167.213896  47864.531097  -16760.565753  -21244.616748  -8441.056015  -126332.008039  -58467.596414  -71312.520570  14319.455540  -14943.519993  46425.419784  35786.161302  58313.437491  53337.903281  35876.830729  32236.091932  25338.778892  47755.962088  48818.792799  13577.674320  -14725.587457   6464.271821  26709.000138  37601.326488  -25555.020786   3126.614155  -7818.647119  -25352.683708  -30769.552642  31628.049969  -7629.816798  -3770.719928  -1338.905387  22805.620265  -2105.084932   8882.042670  31734.887996  12203.338803  19845.534774  -2019.533915    635.513014  -7704.503332   6328.564488  -8647.898362  -6060.230548   3576.084906  16161.003274  12608.929334   3915.344996  23271.897932  29198.436559  22504.475957   1552.712681   9369.823198   4455.129479   9954.362232   4488.539104  -1715.285589  11488.301270   7336.547413   1130.825075  17709.214349   6294.280860   6154.204529   2612.225139   1216.561025  12324.463690   4077.172548   4694.944819  15012.611274   2785.398950   4670.917200    627.370530  -6058.128398  -2941.301254  -11428.408588  -4376.968970   5163.298838   -786.321016   7098.687366  -4843.189755  15189.794294   7699.922675  -3758.343893   5146.540271  -9898.539277  14152.981318   5443.357043   9371.339343   9022.901498   7522.691102  -2289.381339
158850.340519  36784.831551  21496.376490  -158012.839714  -51913.120445  22313.438914  -143652.728983  -248581.695145  33622.152483  201949.397092  -64503.285741  169470.360262  28328.400471  216436.265438  392173.971998  705655.071870  2062686.070383  567314.847089  410242.987949  121940.846213  30968.962871  -28769.189046  42209.444486  -130438.719494  -42230.552519  -23643.648866  -52323.443747  -27428.123922  18176.419769   2314.548671  60190.411029  40169.319889  35028.197992  67207.228151  34483.316059  34027.566114  45761.973785   3800.309379    775.779749  29769.819879  16022.863633  36650.086459  19841.977355  18447.678490  -18074.850611  -15894.949398  -1793.401002  29356.248138   7047.542758  -12336.048806  21403.989985  24711.877996  -11790.386180  -1698.915937  13080.262135  -1260.743172  10460.041163  -3502.352460  22784.266848  10264.248273  18309.665452   2849.471067  11871.702128   2932.599007   8667.765528   1569.415231  -1342.543405   9298.164584  -9789.894144  -5052.779576   1920.257766   2857.877394   1054.893830   6071.240048   9224.745310   4090.282682   9614.347370   7530.515916  13920.539706  16277.424160  19059.314806  13934.522851   8597.202093   9922.714121  13453.332962   7732.972623   8509.384639  14964.503390  14074.941758  14320.021801   7590.286025  -5724.659407   4618.797779  -6658.248755  -7662.958401  -7559.965694   4288.129012  -8201.163942   1476.136602   6578.452580    758.628434   5120.296204   7963.634480  -3672.423378  18474.787876   3469.521991  13422.085523   9809.666995  10245.686742  -6010.517254
-155382.899774  -272621.174846  -14212.728971  -128237.389791  -95791.455426  15123.289838  -118944.811970  -26474.565957    298.426973  158745.126899  65658.241206  68752.046229  165731.135293  113509.144671  220130.300010  548638.194211  567314.847089  1841909.366207  592106.510896  292185.626312  148712.342245  114039.234331  19796.479240  37697.513097  23958.946392  76382.509231  28074.302466  -3526.692689  -13699.977467  -6228.418739  16584.599201  85330.951909  23863.898700  27499.324472  39907.800781  18541.684677  41728.528662   6573.150368  33259.513940   9991.561152   7068.753611  47452.769666  -13930.357882  22900.502160  -9248.872638  23032.392052  21058.648425  22201.607657  13178.615834  12242.482750   9195.941195  22879.077132  13674.376190  -6592.445394  25142.376228  -1085.262885  28937.923000   8441.949970  12923.531632  12924.910211  10230.678436  -6450.136442  -1527.956958  20526.619648  12652.255750   7424.188248   8901.158204   2254.308905   7692.010719   5022.552536  -8009.792739  -4676.466341  15855.874730    529.992600   7311.021792  -1530.805328  13117.601957  -1095.272415   8869.326185   8591.397188  -1302.194489  10598.048139   3436.754883   9898.088284   6780.176862   7527.805506   9526.644328  15223.158449  17605.923220   7789.315198   2507.133586  -6014.754159   2943.867500  -7040.807082  -3809.151897  -4156.952381   3468.233921   4400.419665   5904.877562   6508.849994   6941.122300  10643.690456  10109.284271   4447.127149   9269.155356   9619.881810  13487.099550   6189.808419   6668.960539    721.848701
15450.716363  -115241.100501  -140800.680705  -46163.914692  -63464.275827  23035.590186  -5324.353585  -121714.098773  123077.524907  101120.063396  181382.183428  -11641.758556  67080.485965  -16206.999461  163853.174882  123167.213896  410242.987949  592106.510896  1767066.279769  550013.572019  387642.354215  113335.027798  95249.787158  33778.982246  26712.866521  31424.020313  15015.006666  -1902.321278   7866.221527   3440.282294  -2793.984139  26967.190693  28925.793706  52517.209955  25536.811869  28035.273002  48220.914331  35637.174583  10356.982150  -5294.383119  15914.647356  49101.818548  -13163.613037  17611.401416   5408.119967   3221.235941  35350.517877  25171.847938   6760.394773   7929.910326   8540.094335  33619.252881  12671.331592  -3619.644863  13182.735225  -11814.377756  34271.319709  -7297.954554  17042.281433   5322.272933    523.992461  -1996.696114   1365.151536  -2103.551639   9154.280654   -699.596185  10244.536375  -11535.496787  -9158.616782   2797.077702  -5310.005485  -8651.152074   6554.570583   -399.298301  -9296.876096   2731.883012   -416.594305   8840.000593  -1247.914570  15698.263253   4070.147357   2175.896047   1202.995481   4422.807462   1451.624528  12951.239437  11536.202789   9499.030913   7831.645817    841.317507   7146.647974   2856.261058   9238.049942    154.902871  -10116.742227  -3891.709189   9040.968958   4497.671264    740.089417   6333.417232   5279.129985   8536.801280   8166.305613   4825.400622   7621.789510   8799.595895   3268.273562   3924.538637   8239.769037   5543.325295
321534.669882  -5070.558421  -156778.836414  165376.557232  -152284.245016  34068.496133  25847.250039  40515.676441  116056.467583  -35424.035709  85419.510507  -26679.953494  140831.234437  -19686.393975  64893.859889  47864.531097  121940.846213  292185.626312  550013.572019  1550423.576783  510803.335479  333678.906944  183871.765355  87782.006429  -9951.637670  61672.800716  112984.773416  11057.818790   5619.038051  -2104.477787   3911.858883  17530.451677  -5535.015473  49165.929950   9995.216229  24782.238475  32556.133751  -23825.753144  25424.549308  10844.123742  26697.653696  23398.942271  20088.895535  18168.564379  -8682.003541  19970.066725  27736.762912   9235.317125  10443.102158   3610.403338  12311.539754  18156.233245  12239.319987   6900.149196  12956.807831   7017.529600  -1239.282796  -3143.853935  24281.173812  14806.552137    366.422614  -2427.950107  -2107.606892   7010.776803   6346.059411  24463.139565   2060.871334  11460.547594    414.378366  13919.381404   -847.519188   -286.790082   9896.271618   1071.373121  -4402.101776   3987.891944  13376.717276   8911.595524  11008.536701  13196.689887   1505.779002   4359.616554   8295.738681   2415.340400   -760.725200   1218.375822  17858.742493   8497.636715   6329.154992    858.124756   8557.756857    838.963211   9748.184331   1943.205431   3819.595426  -4216.995531    -58.224909   2130.789536   -374.624506   4114.692407  14031.553391   4122.783447   5107.042471   7510.618463   4503.370154   6387.116058   1485.189092   4083.679692   1636.921301   3618.674659
115257.108859  94974.670474  116886.478908  27530.072712  56752.392421  -31606.154144  223820.484876  -50887.424406  137478.451889  -60751.725998  -6385.205852  -128610.209265  -4731.739414  -34121.962352  62782.571589  -16760.565753  30968.962871  148712.342245  387642.354215  510803.335479  1487501.017326  348712.985183  245394.170625  121637.392743  -5155.004025  38545.295648   8456.856823  23342.510869  23075.588953  35384.753317  10893.939134  -5412.433633  -11888.531867  -2018.901138  -5141.926757  -30041.779160  10385.278731  -20083.967665   7946.903453   9958.704666   9073.144613  11633.553120  -12646.749788   2492.157473  -2166.589777  34443.068750  21310.646647   1961.919271   6922.238248  18128.429525  18317.981726  27997.579246  22975.990102  25779.326013  14799.554663  -4686.548757  21865.015335    694.141153   7133.009601   7442.532188   3625.785385   3077.829426  -4531.022570   2340.502049   7011.917853   1646.205559   2067.200508   9635.235634   3386.146538  -4171.386280  -14566.461736  -4536.885154   1288.880795   -499.286323  -3268.948875  -5708.884147   1352.120871  -3349.169559   5690.752978  -2859.006539   -253.474878   5166.681393  -5855.753277  -7072.906208     50.191108    231.906455  -1837.502408   4163.245042    805.212961  -1390.622339   2077.826793    747.689520   3938.933727   8555.133653  -1986.640696   1507.663326   -253.390923   3804.123993   -531.898667  -6657.243120   6535.090931  -4404.686954  -2059.119455   -960.262228    621.546199   4220.994217    357.464943   1348.413017   -846.165964    766.136561
-35633.836712  69534.936102  145849.053682  26226.907881  211554.188493  119037.723891  150078.518248  101580.808973  31281.940130  45759.746024  94596.938829  -88499.983386  101895.107471  44379.227683  -43447.813756  -21244.616748  -28769.189046  114039.234332  113335.027798  333678.906944  348712.985183  1099783.765880  355397.347280  213982.506928  70726.535915  93880.404012  23349.476874  13121.220545   9155.696693  45755.860973  21183.506161  32035.161231  31226.047371  23190.409231  21674.634753  -4000.619399   8262.393054  -3446.422011   9679.044715  -10513.617542  14577.305966  11638.996663  21659.072385   1303.185713  -27620.857305  13456.253576  22594.584185   6938.681476   8498.544882  12574.972464  24192.151901   -412.505149  17674.622004  12924.866634  15558.879709   9647.343286   3242.960061  -1729.892411  10880.353287  12234.013408  13852.260099   6295.832829   3877.070027   9258.072464  -9317.530411   2231.075782  -5433.141491   5599.594020  -8828.916876     90.026381  -17000.271934   1047.217405  13938.537471   1660.432347  -4840.959234   1865.291950   2421.193931   1458.465567   5988.831928   2165.328129   1267.388820   2812.101805  -9663.446859  -2232.809011  -3143.236816  -3903.928289   7416.656902    204.968274  -3549.812171  -1397.068999   2629.294742    195.972939   9314.600553  -1769.231536   -589.061910    248.145849  -5685.967576  -5094.311787   -169.319727   1464.002411   5876.893128    503.308527  -1705.632502   5041.621449    931.745721   6534.701349   1614.042702    111.293231  -3618.085842  -1180.341374
174753.687399  -31672.816045  20341.364880  105874.339806  373101.198880  158500.762565  244758.193505   8777.013350  -7732.167599  -65547.648178  -65138.704840  -47766.002841  39714.104458   7847.302231  -73492.401214  -8441.056015  42209.444486  19796.479240  95249.787158  183871.765355  245394.170625  355397.347280  1026056.629027  277921.587362  152230.429858  56473.310713  36691.435100  43665.925781  54248.299469  28458.361971  60691.035258  45412.822816  -1965.598257  34882.286229  10383.125026  29136.179372  -16491.694699  -5609.303188    951.899720  -10325.410240  15976.580593  19167.019079   7521.662883  10872.328314   2947.360358  18591.940585   5707.082115  -14941.946832  -14133.936853   5682.789749  -2459.962484   2098.123449   8097.725893  -1825.097160   3803.918435   9162.294215   9759.874417  -3245.112688   8065.994189  23332.516183   2334.529652  -1522.088091   7099.083246   5426.034356   1822.884816    670.703512  -1607.766334   2570.544371  -7592.308883  -11582.743639   5278.113923   3905.724840  11962.355443   4091.937228  -5253.870487  -3324.073158   9100.353841   4430.528592    355.886894   1184.565226  -1266.686121   5682.188552  -3976.115351   1851.762324   -744.987115    644.736220   4764.283481   1164.035427   1949.742194  -6090.183520   4966.716670  -3416.843563   5237.333741  -1937.332838     81.762560    765.990389   2811.120040  -2371.672072   3209.654324   -327.470765   9962.176786   3824.661685   1882.639675   7054.437002   -272.101126   8479.992378   4563.143951   1198.760932  -2081.815500   3008.695843
220877.216982  -10840.873300  -80308.563765  103462.936042  150537.614175  70220.303109  185205.708263  119637.771962  -12570.429617  -51283.489975  81695.210914  -45027.666533  116630.381679   5492.332519  -44677.465294  -126332.008039  -130438.719495  37697.513097  33778.982246  87782.006428  121637.392743  213982.506928  277921.587362  1061655.423634  290580.344666  161028.123537  55627.841317  30964.064678  46630.782058  21619.917302  61392.885157  44088.509091  32035.574999   2560.974369  11649.357115  31936.539877  -5699.658532  -5676.787655  -5424.519104  -21521.143947  13374.008259  13497.050488  -1335.230044  -18056.886582  -6822.243755  -7778.211976   4954.372416   1089.992188  10262.402128  15673.706298   6336.662939  14460.752144   3791.670218  -4179.333472  12965.195396   9644.305463    265.475207  -3384.442190  -18305.130564   5828.113747   4459.780711  -2189.215198   1816.315601   3687.097984  -2567.419283   1936.571456     63.272754  -2051.763736  -2655.738095  -4414.453001  -4996.474855   2808.930894   1122.568314  -2533.301462   1455.854967   3610.864450   8434.085648   4265.032423   5635.432849   5512.976428   3422.933122    802.572568  -4774.977782   1319.869907  -5271.509344   4247.029105   3662.337688    157.167785  -5439.178295  -3295.583147    892.996609   -390.897792   5734.178441   -480.813884   1455.477776    683.007583  -2335.429714   2406.209277   9788.128081   2800.780889   4935.991483   3806.529103   3825.538268   3027.030884  -2030.230024   7964.098312     92.991174   1512.831011  -8058.949680   2075.229643
156095.583988  11599.332418  -127222.741231  -138703.316410  98810.860570  169209.527334  166940.876824  55773.453081  90708.301182  56595.582466  46760.323140  12061.733111  122436.952175  -13207.391715  -44216.426828  -58467.596414  -42230.552519  23958.946392  26712.866521  -9951.637670  -5155.004025  70726.535915  152230.429858  290580.344666  878968.718259  260194.080657  142791.045607  70907.671652  22631.135124  32506.644984  25302.713489  37047.554057  15624.382892  11208.402109   9485.450109  16001.230006  -7754.334446  11930.254250   9473.078302  13846.996163  10744.169439   5497.962256  16742.958425   1985.756637  -11648.437976  -12530.408847   2814.181533  -4904.721747  11574.858553  -3073.701168   5438.561350  -11163.339085   6228.350107   1481.704211   2891.021247  -6245.293363   4973.890926  -7532.306970    123.937405   1489.857927   9101.992170   5589.861991   6545.382745  -1695.806451   7110.088270   5523.276696  -8050.370393  -3114.723940  -2842.504483  -9268.834091   2398.184873   5762.843394   6297.725884   7064.496684   4358.723099   6526.176907   4285.912919   2930.643923   4975.459655   -755.459671  -3958.570977  -6519.157188  -2926.355655  -5478.942446   5538.788977   6283.056406   1097.749019   7098.951556  -1861.886425   8508.860147   5158.757662   1169.422815   7991.085153   4790.948794   4438.893249   7249.260478   7796.766579   1996.256414   8451.945316   3211.690685   8411.365486   8630.946077   2040.160192    724.620895  -4406.580819   2668.173130    303.300182   -913.372166  -4707.627016   5010.718466
