 1.76646e-05   1.40108e-05   1.28363e-05   1.03404e-05   8.93264e-06   7.39146e-06    6.7375e-06   5.95231e-06   5.86299e-06    5.0432e-06   4.76582e-06   4.04652e-06   3.82758e-06   3.28603e-06   2.60519e-06   2.43027e-06   2.01302e-06   2.34943e-06    1.9289e-06   1.85321e-06   1.78716e-06   1.58483e-06   1.59331e-06   1.24067e-06    1.0382e-06   1.03618e-06   8.69755e-07   6.93041e-07   3.75367e-07   2.52331e-07   2.03888e-07   1.40177e-07   6.81653e-08   8.89422e-08   4.14055e-08  -6.58312e-08   1.39422e-08   5.26027e-09  -1.33929e-07  -3.01646e-07  -1.65532e-07  -1.09805e-07  -9.25463e-08  -2.62137e-08    8.9855e-08   8.12263e-08    3.0987e-08   9.47739e-09   7.37525e-08  -9.89677e-08  -2.70694e-07  -1.82521e-07  -1.91215e-07  -1.20138e-07  -1.59563e-07  -2.24566e-08  -9.02013e-08
 1.40108e-05   1.37972e-05   1.21521e-05   1.03238e-05   9.01977e-06   7.49551e-06   6.84819e-06   6.21468e-06   6.12622e-06   5.41623e-06   5.13852e-06   4.25969e-06   3.94215e-06   3.32237e-06   2.80475e-06   2.48542e-06   2.22419e-06   2.38217e-06   1.96169e-06   1.85591e-06   1.71444e-06   1.57402e-06    1.5838e-06   1.26813e-06   9.98076e-07   1.00215e-06   8.65974e-07   7.14867e-07    4.4624e-07   3.51039e-07   2.99136e-07   2.28607e-07   2.32229e-07   1.58196e-07    1.3962e-07    1.2344e-08   1.14542e-07   1.09169e-07  -6.29586e-08  -2.03579e-07  -8.78645e-08  -4.84168e-08  -5.68052e-08  -7.67885e-09   1.37613e-07    1.0637e-07   5.41212e-08   7.16034e-08   1.02682e-07  -4.03624e-08  -1.59042e-07  -1.07198e-07  -1.69799e-07  -1.45845e-07  -1.78306e-07  -2.46352e-08  -1.21021e-08
 1.28363e-05   1.21521e-05   1.29752e-05   1.04913e-05   9.44644e-06   7.99938e-06   7.42016e-06   6.58277e-06   6.39502e-06   5.73792e-06   5.42679e-06   4.57484e-06   4.19031e-06   3.63903e-06   3.12574e-06   2.78716e-06   2.63554e-06   2.74134e-06   2.33107e-06   2.22482e-06   2.04305e-06   1.90773e-06   1.81703e-06   1.47099e-06   1.07837e-06   1.08181e-06    9.8857e-07   7.81399e-07   5.33211e-07   4.40293e-07   3.80852e-07   3.32163e-07   1.53121e-07   7.81308e-08   7.88638e-08   1.14975e-08   7.25297e-08   5.51997e-08  -1.06332e-07  -2.22422e-07   -1.5774e-07  -2.00938e-07   -2.0927e-07   -1.6843e-07  -4.72264e-08  -4.44285e-08  -5.56649e-08  -2.09128e-08   4.53888e-08  -6.56506e-08  -1.63496e-07  -1.94292e-07  -2.45138e-07  -2.12138e-07  -2.12733e-07  -1.06719e-07  -1.03162e-07
 1.03404e-05   1.03238e-05   1.04913e-05   1.03679e-05    8.7657e-06    7.5595e-06   6.78354e-06   6.13599e-06   5.97721e-06   5.45419e-06   5.00786e-06   4.17757e-06   3.76604e-06   3.28232e-06   2.80797e-06   2.47927e-06   2.29458e-06    2.3436e-06   1.95229e-06    1.9225e-06   1.80699e-06   1.70083e-06   1.56768e-06   1.30517e-06   1.01115e-06   9.86424e-07   8.81544e-07   7.31553e-07   5.58312e-07   4.66738e-07   3.50624e-07   3.49472e-07   1.97135e-07   1.43066e-07   1.23932e-07   3.22618e-08   7.53038e-08   7.27058e-08  -9.97921e-08  -1.36676e-07  -1.19849e-07  -1.61971e-07  -1.40696e-07  -5.96485e-08   7.63752e-08   7.32265e-08  -9.20905e-09   2.09441e-08   9.71117e-08  -1.88767e-09  -5.03444e-08  -5.34147e-08   -1.5186e-07  -1.76652e-07  -1.56889e-07  -2.81124e-08  -1.15104e-08
 8.93264e-06   9.01977e-06   9.44644e-06    8.7657e-06   9.01652e-06   7.41279e-06   6.75343e-06   6.14572e-06   5.84739e-06   5.31199e-06   4.98064e-06   4.28871e-06   3.79212e-06   3.33759e-06    3.0104e-06   2.59246e-06   2.46825e-06   2.43066e-06   2.12301e-06    2.0479e-06   1.88392e-06    1.7165e-06   1.55649e-06    1.3202e-06   1.01149e-06   9.45316e-07   9.29141e-07   7.58074e-07    5.6001e-07   4.27796e-07   3.40236e-07   3.75775e-07   2.13024e-07   1.16794e-07   1.29374e-07   9.87648e-08   1.13432e-07   1.13381e-07  -3.16319e-08  -1.05612e-07  -5.51101e-08  -1.20832e-07  -1.49321e-07  -8.15068e-08   1.61397e-08  -2.88661e-08  -9.53618e-08  -3.58136e-08   2.36475e-08  -6.77412e-08  -1.46133e-07  -1.46231e-07  -2.05484e-07  -2.29453e-07   -2.2572e-07  -1.49589e-07  -9.60025e-08
 7.39146e-06   7.49551e-06   7.99938e-06    7.5595e-06   7.41279e-06   7.54772e-06   6.64202e-06   6.12575e-06   5.86753e-06   5.40382e-06   5.02468e-06   4.36153e-06   3.93649e-06   3.42613e-06   3.08731e-06   2.60536e-06   2.41054e-06    2.3669e-06   2.03025e-06   1.93654e-06   1.72861e-06   1.56151e-06   1.41187e-06   1.24217e-06   9.22178e-07   9.02417e-07   7.82686e-07   6.33603e-07   5.35502e-07   4.89302e-07    3.5715e-07    3.9922e-07   2.51135e-07   1.48364e-07   1.15559e-07    7.0793e-08    8.8843e-08   7.93618e-08  -1.49568e-08  -5.49882e-08  -4.96736e-08   -7.6501e-08  -9.38128e-08  -4.05831e-08   1.49668e-08   6.46483e-09  -4.75242e-08  -3.98064e-08    2.2493e-08  -6.17143e-08  -1.01086e-07  -1.07864e-07   -1.7855e-07  -1.83107e-07   -1.4574e-07  -8.12709e-08  -6.02164e-08
  6.7375e-06   6.84819e-06   7.42016e-06   6.78354e-06   6.75343e-06   6.64202e-06    7.1192e-06    6.2679e-06   6.09509e-06   5.53556e-06   5.16256e-06   4.42883e-06   3.98974e-06   3.54216e-06   3.09438e-06   2.71339e-06   2.49833e-06   2.44547e-06   2.21123e-06   1.99121e-06    1.8453e-06    1.6227e-06   1.41595e-06   1.25335e-06    9.3922e-07   9.07393e-07   7.85533e-07   6.43117e-07   5.56392e-07    4.8191e-07   3.84867e-07   4.00406e-07   3.00962e-07   1.96385e-07   1.37201e-07   1.07411e-07   1.06144e-07   9.78374e-08   3.07061e-08   1.82894e-09   4.99671e-08    -2.729e-08  -7.87737e-08  -4.26783e-09   2.36918e-08    4.5088e-08   1.46408e-08  -5.83106e-09   2.49525e-09  -3.91606e-08  -1.05163e-07  -1.26062e-07  -1.81326e-07  -1.56432e-07   -1.5681e-07  -1.01974e-07  -5.57268e-08
 5.95231e-06   6.21468e-06   6.58277e-06   6.13599e-06   6.14572e-06   6.12575e-06    6.2679e-06   6.64916e-06    6.1479e-06    5.6554e-06   5.28275e-06   4.49914e-06   4.12621e-06   3.68775e-06    3.1998e-06   2.84293e-06   2.62643e-06   2.50408e-06   2.27051e-06   2.07734e-06    1.9216e-06   1.71711e-06   1.47019e-06   1.35092e-06   1.04842e-06   1.00993e-06    8.5986e-07   7.40241e-07   6.44785e-07   5.76225e-07   4.60591e-07   4.87443e-07   4.09374e-07   3.08148e-07   2.35515e-07   1.81779e-07   1.75673e-07   1.79677e-07   1.02066e-07   6.52447e-08   1.17141e-07    5.8756e-08  -1.93496e-09   7.27455e-08   9.20366e-08   8.60054e-08   4.83695e-08    4.0004e-08    4.2901e-08  -4.72186e-08  -1.01437e-07  -1.39471e-07   -1.9963e-07  -1.79535e-07  -1.30602e-07  -6.71608e-08  -1.95653e-08
 5.86299e-06   6.12622e-06   6.39502e-06   5.97721e-06   5.84739e-06   5.86753e-06   6.09509e-06    6.1479e-06   6.62994e-06   5.82871e-06   5.38688e-06   4.68094e-06   4.26207e-06   3.82899e-06   3.31037e-06   2.89917e-06   2.66584e-06   2.57109e-06   2.36414e-06   2.13259e-06   1.98465e-06   1.81096e-06   1.60148e-06   1.47387e-06   1.19767e-06   1.09557e-06   9.20446e-07   7.53399e-07   7.05873e-07   5.83034e-07   4.73268e-07   4.80056e-07   4.46758e-07   3.07484e-07   2.58246e-07   1.54275e-07   1.41541e-07   1.15557e-07    2.0198e-08  -2.16065e-09   2.75306e-08  -3.65863e-08  -1.06535e-07  -1.68454e-08   7.77337e-09    3.5067e-08   4.90503e-09    1.6362e-08   4.04519e-08  -4.29872e-08  -8.54181e-08  -7.78783e-08  -1.69897e-07   -1.1829e-07  -1.19519e-07  -4.36925e-08  -1.51456e-08
  5.0432e-06   5.41623e-06   5.73792e-06   5.45419e-06   5.31199e-06   5.40382e-06   5.53556e-06    5.6554e-06   5.82871e-06   6.09686e-06   5.43406e-06   4.73382e-06   4.44662e-06    3.9611e-06   3.49731e-06    3.0015e-06   2.76246e-06   2.60289e-06   2.34025e-06    2.1245e-06   1.91977e-06   1.75592e-06   1.55839e-06     1.449e-06   1.14132e-06   1.04217e-06   8.72521e-07   7.08994e-07   6.68724e-07   5.95938e-07   4.74771e-07    4.6209e-07   3.81545e-07   2.54024e-07   1.66365e-07   8.46467e-08   8.82049e-08   9.25895e-08  -8.95428e-09  -1.26428e-08   3.07447e-08  -3.16775e-08   -9.5719e-08  -2.97295e-08  -2.08176e-08   1.32006e-08  -4.59446e-08  -3.66937e-08   4.70391e-10  -8.53593e-08  -8.87322e-08  -6.91745e-08  -1.54147e-07  -9.59368e-08  -9.70127e-08   -2.5522e-08     3.342e-08
 4.76582e-06   5.13852e-06   5.42679e-06   5.00786e-06   4.98064e-06   5.02468e-06   5.16256e-06   5.28275e-06   5.38688e-06   5.43406e-06    5.7461e-06   4.87438e-06   4.51481e-06   4.06676e-06   3.59425e-06   3.10163e-06   2.93028e-06   2.76354e-06   2.50964e-06   2.23407e-06   2.04435e-06   1.87252e-06   1.62994e-06   1.51761e-06   1.23169e-06   1.12512e-06   9.61559e-07   8.01742e-07   7.05568e-07   6.45849e-07   5.22568e-07   4.77258e-07   4.21197e-07   2.76421e-07   1.92292e-07   1.27014e-07    1.1596e-07   1.39616e-07   5.26786e-08   3.28629e-08   6.75495e-08   1.65025e-08  -4.11581e-08  -1.34661e-08   1.12324e-08   9.45188e-09  -1.96263e-08  -3.28451e-08   2.51033e-09  -7.88618e-08  -1.01016e-07  -9.89076e-08  -1.74971e-07  -1.24069e-07  -1.11051e-07  -2.86918e-08   2.51751e-08
 4.04652e-06   4.25969e-06   4.57484e-06   4.17757e-06   4.28871e-06   4.36153e-06   4.42883e-06   4.49914e-06   4.68094e-06   4.73382e-06   4.87438e-06   4.87607e-06   4.31055e-06   3.84418e-06   3.47144e-06   3.06527e-06   2.86213e-06   2.63885e-06   2.39741e-06   2.13498e-06   1.92671e-06   1.80169e-06   1.64105e-06   1.56917e-06   1.33512e-06   1.24567e-06   1.12279e-06   9.07633e-07   8.19794e-07   7.55855e-07   6.33132e-07   5.58533e-07   4.73541e-07   3.36151e-07   2.80955e-07   2.08808e-07   2.00889e-07   1.94805e-07   1.30727e-07   7.54976e-08   8.83775e-08   4.30216e-08   6.92094e-09   3.70647e-08   3.53598e-08   4.56728e-08   7.12809e-10  -1.25028e-09   3.26487e-08  -4.45398e-08  -3.35836e-08  -2.71165e-08  -9.85476e-08  -9.72585e-08  -7.94153e-08  -3.41015e-08   2.16889e-08
 3.82758e-06   3.94215e-06   4.19031e-06   3.76604e-06   3.79212e-06   3.93649e-06   3.98974e-06   4.12621e-06   4.26207e-06   4.44662e-06   4.51481e-06   4.31055e-06   4.54951e-06   4.00556e-06    3.6126e-06   3.19823e-06   2.97598e-06   2.72806e-06   2.50275e-06   2.21338e-06   2.00552e-06   1.89218e-06   1.69512e-06   1.57605e-06   1.33079e-06   1.25756e-06   1.07893e-06    8.8615e-07   8.20797e-07   7.56408e-07   6.41108e-07   5.20612e-07   4.40671e-07   3.63777e-07   2.79994e-07   2.17745e-07   2.06384e-07   2.16783e-07   1.36356e-07   7.12974e-08   1.19624e-07   6.07554e-08     3.002e-08   5.58237e-08   4.00998e-08   4.30265e-08   1.01684e-08  -1.34868e-08   3.23134e-08  -3.85658e-08  -4.81904e-08  -6.17969e-08  -1.11804e-07  -8.49346e-08  -6.54032e-08  -3.24311e-08  -3.95442e-10
 3.28603e-06   3.32237e-06   3.63903e-06   3.28232e-06   3.33759e-06   3.42613e-06   3.54216e-06   3.68775e-06   3.82899e-06    3.9611e-06   4.06676e-06   3.84418e-06   4.00556e-06   4.12358e-06   3.57543e-06   3.24511e-06   3.02584e-06   2.80283e-06   2.55097e-06   2.28885e-06   2.07081e-06   1.95146e-06   1.71343e-06   1.59209e-06   1.36712e-06   1.27582e-06   1.08158e-06   8.85468e-07     7.831e-07   6.92565e-07   5.83864e-07   4.80869e-07   4.13586e-07   3.15866e-07   2.35851e-07    1.6523e-07   1.40505e-07    1.3939e-07   5.87201e-08   1.26745e-08   5.65056e-08   4.29289e-09  -3.98796e-08  -1.23747e-08   2.01323e-08   3.29498e-08  -4.86637e-10  -2.07287e-08   8.02341e-09  -7.53358e-08  -9.53457e-08  -8.57242e-08  -1.19222e-07  -1.01881e-07  -1.05402e-07  -7.68627e-08  -3.57813e-08
 2.60519e-06   2.80475e-06   3.12574e-06   2.80797e-06    3.0104e-06   3.08731e-06   3.09438e-06    3.1998e-06   3.31037e-06   3.49731e-06   3.59425e-06   3.47144e-06    3.6126e-06   3.57543e-06   3.70468e-06   3.25482e-06   3.01655e-06   2.81649e-06   2.52209e-06   2.30505e-06   2.07279e-06   1.95863e-06   1.67498e-06   1.57093e-06   1.26311e-06   1.18459e-06   9.96069e-07    8.3958e-07   7.44159e-07   6.72469e-07   5.67543e-07   4.35175e-07   3.41913e-07   2.59411e-07   2.12257e-07   1.47577e-07   8.49559e-08   9.76607e-08   4.78395e-08   3.66194e-08   6.36844e-08   7.27543e-09  -2.74192e-08  -1.76694e-08   1.04202e-08    1.1672e-08  -1.39919e-08  -9.71038e-09   5.14032e-08  -5.07022e-08  -4.15339e-08  -4.75521e-08   -8.5433e-08  -9.37658e-08  -7.66168e-08  -6.92165e-08  -2.73667e-08
 2.43027e-06   2.48542e-06   2.78716e-06   2.47927e-06   2.59246e-06   2.60536e-06   2.71339e-06   2.84293e-06   2.89917e-06    3.0015e-06   3.10163e-06   3.06527e-06   3.19823e-06   3.24511e-06   3.25482e-06   3.48262e-06   3.11908e-06   2.88442e-06   2.61276e-06   2.42772e-06   2.16866e-06    2.0776e-06   1.78598e-06   1.64817e-06   1.34493e-06   1.29922e-06   1.13481e-06   9.73242e-07    8.6658e-07   7.96343e-07   6.50865e-07   5.36409e-07   4.14732e-07   3.59332e-07     3.138e-07    2.5047e-07   1.86328e-07    1.9065e-07   1.00595e-07   6.46872e-08   9.27463e-08   5.44243e-08   1.03998e-08   5.10794e-08   8.14283e-08   1.06035e-07   8.50272e-08   5.37087e-08   9.93416e-08  -2.42639e-09  -4.89408e-08  -7.37878e-08  -8.58521e-08   -1.1954e-07  -1.13379e-07  -1.06899e-07  -5.51676e-08
 2.01302e-06   2.22419e-06   2.63554e-06   2.29458e-06   2.46825e-06   2.41054e-06   2.49833e-06   2.62643e-06   2.66584e-06   2.76246e-06   2.93028e-06   2.86213e-06   2.97598e-06   3.02584e-06   3.01655e-06   3.11908e-06   3.27431e-06   2.94239e-06   2.68858e-06   2.52401e-06   2.28882e-06   2.16473e-06   1.91611e-06   1.74548e-06   1.40751e-06    1.3544e-06   1.18381e-06   9.51116e-07   8.32307e-07   7.91457e-07   6.81283e-07    5.9207e-07    4.5382e-07   3.66347e-07   3.22492e-07   2.87997e-07   2.40795e-07   2.28446e-07   1.54268e-07   1.14224e-07    1.2452e-07   5.42326e-08   2.23694e-08   3.85519e-08   6.57431e-08   7.46766e-08   6.59775e-08   4.80828e-08   8.47852e-08  -2.76868e-08  -4.26354e-08  -5.39355e-08  -7.28373e-08  -9.27522e-08  -9.10637e-08  -9.02251e-08  -5.11581e-08
 2.34943e-06   2.38217e-06   2.74134e-06    2.3436e-06   2.43066e-06    2.3669e-06   2.44547e-06   2.50408e-06   2.57109e-06   2.60289e-06   2.76354e-06   2.63885e-06   2.72806e-06   2.80283e-06   2.81649e-06   2.88442e-06   2.94239e-06   3.12119e-06   2.75678e-06   2.59478e-06   2.35662e-06   2.24309e-06   2.00963e-06   1.82222e-06   1.49192e-06   1.37877e-06   1.21782e-06   9.95529e-07   8.78481e-07   8.17851e-07   6.98709e-07    5.8842e-07   4.70361e-07   3.96849e-07   3.76072e-07   3.21444e-07   2.73147e-07   2.82431e-07   2.02732e-07   1.44444e-07   1.48905e-07   8.13726e-08   3.72608e-08   5.46685e-08   3.67161e-08   5.77858e-08   3.53668e-08   1.45092e-08   6.40653e-08  -3.78367e-08  -8.60548e-08  -7.97988e-08  -1.06602e-07  -1.11603e-07  -1.11341e-07  -1.04642e-07  -8.18907e-08
  1.9289e-06   1.96169e-06   2.33107e-06   1.95229e-06   2.12301e-06   2.03025e-06   2.21123e-06   2.27051e-06   2.36414e-06   2.34025e-06   2.50964e-06   2.39741e-06   2.50275e-06   2.55097e-06   2.52209e-06   2.61276e-06   2.68858e-06   2.75678e-06   2.85605e-06   2.58876e-06   2.36129e-06   2.26451e-06   2.02868e-06   1.81497e-06     1.498e-06   1.39267e-06   1.26488e-06   1.07406e-06   9.30891e-07   8.59085e-07   7.29447e-07   6.23671e-07   5.10993e-07   4.63632e-07   4.20201e-07   3.75819e-07   2.81364e-07   2.79148e-07   2.44896e-07   1.61453e-07   1.36409e-07   6.60631e-08   4.39533e-08    4.9627e-08    4.8963e-08     3.664e-08   3.55346e-08   5.45474e-09   4.51361e-08  -4.70827e-08  -9.03855e-08  -8.26241e-08  -9.04798e-08  -1.12728e-07  -1.17373e-07  -1.18198e-07  -1.02998e-07
 1.85321e-06   1.85591e-06   2.22482e-06    1.9225e-06    2.0479e-06   1.93654e-06   1.99121e-06   2.07734e-06   2.13259e-06    2.1245e-06   2.23407e-06   2.13498e-06   2.21338e-06   2.28885e-06   2.30505e-06   2.42772e-06   2.52401e-06   2.59478e-06   2.58876e-06   2.71845e-06   2.39905e-06   2.30045e-06   2.07106e-06   1.83304e-06   1.53404e-06   1.39453e-06    1.2921e-06   1.09477e-06   9.15996e-07   8.63552e-07   7.16318e-07   6.28634e-07   5.00478e-07   4.17163e-07   4.21654e-07   3.63544e-07   2.84249e-07    2.8604e-07   2.23361e-07   1.51347e-07   1.23929e-07   5.29079e-08   1.55339e-08   3.70862e-08   6.42341e-08   4.75829e-08   3.86943e-08   2.41708e-08   6.61624e-08  -1.56535e-08  -7.08597e-08  -5.98318e-08   -7.0117e-08  -9.39383e-08  -8.69028e-08  -9.86866e-08  -9.22645e-08
 1.78716e-06   1.71444e-06   2.04305e-06   1.80699e-06   1.88392e-06   1.72861e-06    1.8453e-06    1.9216e-06   1.98465e-06   1.91977e-06   2.04435e-06   1.92671e-06   2.00552e-06   2.07081e-06   2.07279e-06   2.16866e-06   2.28882e-06   2.35662e-06   2.36129e-06   2.39905e-06   2.45216e-06   2.31926e-06    2.0695e-06   1.84965e-06   1.55602e-06   1.39183e-06   1.27064e-06   1.11275e-06   9.47202e-07   8.88319e-07   7.26966e-07    6.3778e-07   5.22674e-07   4.41826e-07   4.07162e-07    3.5318e-07   2.88014e-07   2.71958e-07   2.15241e-07   1.65319e-07    1.3868e-07   5.92267e-08   3.16002e-08   4.27983e-08   4.87396e-08   4.52402e-08   2.83304e-08  -2.21213e-10   4.97542e-08  -1.57543e-08  -6.51137e-08  -4.96116e-08  -6.41541e-08  -8.30092e-08  -8.23851e-08  -8.75612e-08  -7.40028e-08
 1.58483e-06   1.57402e-06   1.90773e-06   1.70083e-06    1.7165e-06   1.56151e-06    1.6227e-06   1.71711e-06   1.81096e-06   1.75592e-06   1.87252e-06   1.80169e-06   1.89218e-06   1.95146e-06   1.95863e-06    2.0776e-06   2.16473e-06   2.24309e-06   2.26451e-06   2.30045e-06   2.31926e-06   2.49765e-06   2.19945e-06   1.96048e-06   1.67454e-06   1.46426e-06   1.34792e-06   1.19615e-06   1.03294e-06    9.7573e-07   7.96125e-07   6.89121e-07   5.73345e-07    4.6281e-07   4.40986e-07   3.82571e-07   3.02565e-07   2.68871e-07   2.22351e-07   1.83164e-07   1.40908e-07    6.7728e-08   6.04475e-08    7.3707e-08   6.10326e-08   7.27549e-08   3.25348e-08   9.63188e-09   8.16467e-08   1.91456e-08  -2.35197e-08  -4.78107e-09  -2.46138e-08   -4.1724e-08  -5.41543e-08  -7.45238e-08  -5.69318e-08
 1.59331e-06    1.5838e-06   1.81703e-06   1.56768e-06   1.55649e-06   1.41187e-06   1.41595e-06   1.47019e-06   1.60148e-06   1.55839e-06   1.62994e-06   1.64105e-06   1.69512e-06   1.71343e-06   1.67498e-06   1.78598e-06   1.91611e-06   2.00963e-06   2.02868e-06   2.07106e-06    2.0695e-06   2.19945e-06    2.2991e-06   1.96759e-06   1.73188e-06   1.50551e-06   1.39466e-06   1.23516e-06   1.02297e-06   9.79227e-07   8.16205e-07   7.25217e-07   5.94062e-07   4.85873e-07   4.48144e-07   4.04763e-07   3.62898e-07   3.50469e-07   2.82898e-07   2.12581e-07   1.73771e-07   8.27617e-08   8.91856e-08   9.11696e-08   6.37792e-08   8.02049e-08    5.3294e-08   3.63373e-08   8.89136e-08   4.70532e-08    9.0568e-09   2.71451e-08   5.44033e-09  -3.24773e-09  -8.82717e-09  -3.85007e-08  -1.28577e-08
 1.24067e-06   1.26813e-06   1.47099e-06   1.30517e-06    1.3202e-06   1.24217e-06   1.25335e-06   1.35092e-06   1.47387e-06     1.449e-06   1.51761e-06   1.56917e-06   1.57605e-06   1.59209e-06   1.57093e-06   1.64817e-06   1.74548e-06   1.82222e-06   1.81497e-06   1.83304e-06   1.84965e-06   1.96048e-06   1.96759e-06   1.99115e-06   1.67142e-06   1.47158e-06   1.34295e-06   1.18545e-06   1.03618e-06   9.83811e-07   7.94195e-07   6.95143e-07   5.90409e-07   4.81991e-07   4.49401e-07   3.87369e-07   3.44066e-07   3.14435e-07   2.45026e-07   2.13018e-07   1.64228e-07   9.07919e-08   1.01135e-07   9.39461e-08   8.39258e-08   1.00853e-07   7.23602e-08   6.78891e-08    9.8076e-08   4.72283e-08   1.26075e-08   3.41159e-08   1.29011e-09  -5.21191e-09  -4.81472e-09  -3.14571e-08  -1.34237e-08
  1.0382e-06   9.98076e-07   1.07837e-06   1.01115e-06   1.01149e-06   9.22178e-07    9.3922e-07   1.04842e-06   1.19767e-06   1.14132e-06   1.23169e-06   1.33512e-06   1.33079e-06   1.36712e-06   1.26311e-06   1.34493e-06   1.40751e-06   1.49192e-06     1.498e-06   1.53404e-06   1.55602e-06   1.67454e-06   1.73188e-06   1.67142e-06   1.77754e-06   1.51307e-06   1.39702e-06    1.2486e-06   1.09472e-06   1.03099e-06   8.43548e-07   7.60521e-07   6.64589e-07    5.4398e-07   4.63262e-07   4.28811e-07   3.66496e-07   3.44301e-07   2.88875e-07   2.38282e-07   2.12277e-07   1.28865e-07   1.37492e-07   1.29699e-07   1.17825e-07   1.20483e-07   5.70859e-08    4.5433e-08   6.06455e-08   2.67567e-08  -2.06041e-08   2.99697e-08  -6.38728e-09   -7.2214e-09  -1.64806e-08  -4.67048e-08  -2.22199e-08
 1.03618e-06   1.00215e-06   1.08181e-06   9.86424e-07   9.45316e-07   9.02417e-07   9.07393e-07   1.00993e-06   1.09557e-06   1.04217e-06   1.12512e-06   1.24567e-06   1.25756e-06   1.27582e-06   1.18459e-06   1.29922e-06    1.3544e-06   1.37877e-06   1.39267e-06   1.39453e-06   1.39183e-06   1.46426e-06   1.50551e-06   1.47158e-06   1.51307e-06   1.58806e-06   1.42092e-06   1.26218e-06   1.11664e-06   1.05868e-06   8.82557e-07   8.16384e-07   6.97839e-07   5.95922e-07    4.9094e-07   4.54781e-07   3.93153e-07   3.75342e-07   3.03386e-07   2.24026e-07   1.81478e-07   1.13037e-07   1.05204e-07   1.05572e-07   9.43609e-08   9.27951e-08   3.85497e-08   3.27935e-08   3.08063e-08   5.71285e-09  -2.49525e-08   9.60726e-09  -1.29037e-08  -1.63931e-08  -2.16779e-08  -3.91115e-08  -3.12181e-08
 8.69755e-07   8.65974e-07    9.8857e-07   8.81544e-07   9.29141e-07   7.82686e-07   7.85533e-07    8.5986e-07   9.20446e-07   8.72521e-07   9.61559e-07   1.12279e-06   1.07893e-06   1.08158e-06   9.96069e-07   1.13481e-06   1.18381e-06   1.21782e-06   1.26488e-06    1.2921e-06   1.27064e-06   1.34792e-06   1.39466e-06   1.34295e-06   1.39702e-06   1.42092e-06   1.53852e-06   1.34019e-06   1.19335e-06   1.10877e-06   9.38433e-07   8.70846e-07   7.66769e-07   6.55002e-07   5.55614e-07   5.26723e-07   4.60944e-07   4.29664e-07   3.57208e-07    2.7805e-07   2.46376e-07   1.71624e-07   1.49772e-07   1.27148e-07   1.20917e-07   1.16641e-07    6.3186e-08   3.19671e-08   3.77827e-08   2.94287e-08  -1.33029e-08   1.00316e-08  -1.83311e-08   -2.6441e-08  -1.91774e-08  -3.60526e-08  -3.05586e-08
 6.93041e-07   7.14867e-07   7.81399e-07   7.31553e-07   7.58074e-07   6.33603e-07   6.43117e-07   7.40241e-07   7.53399e-07   7.08994e-07   8.01742e-07   9.07633e-07    8.8615e-07   8.85468e-07    8.3958e-07   9.73242e-07   9.51116e-07   9.95529e-07   1.07406e-06   1.09477e-06   1.11275e-06   1.19615e-06   1.23516e-06   1.18545e-06    1.2486e-06   1.26218e-06   1.34019e-06   1.43648e-06   1.22385e-06   1.12308e-06   9.55619e-07   8.93427e-07   7.82243e-07   6.97799e-07   5.78263e-07   5.36745e-07   4.57043e-07   4.31685e-07   3.60384e-07   3.06978e-07   2.45129e-07   1.77128e-07   1.64001e-07   1.61393e-07   1.26408e-07   1.21015e-07   7.37701e-08    4.1013e-08   4.59703e-08    3.0512e-08  -1.89284e-08   4.34104e-09  -2.15983e-08    -3.655e-08  -2.75781e-08  -4.41892e-08  -3.82325e-08
 3.75367e-07    4.4624e-07   5.33211e-07   5.58312e-07    5.6001e-07   5.35502e-07   5.56392e-07   6.44785e-07   7.05873e-07   6.68724e-07   7.05568e-07   8.19794e-07   8.20797e-07     7.831e-07   7.44159e-07    8.6658e-07   8.32307e-07   8.78481e-07   9.30891e-07   9.15996e-07   9.47202e-07   1.03294e-06   1.02297e-06   1.03618e-06   1.09472e-06   1.11664e-06   1.19335e-06   1.22385e-06   1.27251e-06   1.12755e-06   9.48752e-07   8.98922e-07   7.89401e-07   7.08167e-07   5.88203e-07   5.47686e-07   4.65938e-07   4.26212e-07   3.47823e-07   3.14915e-07   2.70492e-07    1.9248e-07   1.79567e-07   1.72171e-07   1.40776e-07   1.26671e-07   7.00699e-08   4.04497e-08   4.11346e-08   2.47514e-08  -1.50192e-08  -1.03258e-08  -4.02242e-08  -4.79236e-08  -2.38487e-08  -5.30741e-08  -4.98909e-08
 2.52331e-07   3.51039e-07   4.40293e-07   4.66738e-07   4.27796e-07   4.89302e-07    4.8191e-07   5.76225e-07   5.83034e-07   5.95938e-07   6.45849e-07   7.55855e-07   7.56408e-07   6.92565e-07   6.72469e-07   7.96343e-07   7.91457e-07   8.17851e-07   8.59085e-07   8.63552e-07   8.88319e-07    9.7573e-07   9.79227e-07   9.83811e-07   1.03099e-06   1.05868e-06   1.10877e-06   1.12308e-06   1.12755e-06   1.22373e-06   1.02011e-06   9.58235e-07   8.47144e-07   7.57894e-07    6.3592e-07   5.80738e-07   5.20299e-07    4.7819e-07    4.0044e-07    3.6561e-07   3.22396e-07   2.43924e-07   2.26878e-07   2.13197e-07    1.8956e-07   1.71646e-07    1.1414e-07   7.58726e-08   7.53801e-08   6.42553e-08   1.88319e-08   2.92758e-08  -1.21765e-08  -2.81239e-08   7.73077e-09  -2.56975e-08  -1.69062e-08
 2.03888e-07   2.99136e-07   3.80852e-07   3.50624e-07   3.40236e-07    3.5715e-07   3.84867e-07   4.60591e-07   4.73268e-07   4.74771e-07   5.22568e-07   6.33132e-07   6.41108e-07   5.83864e-07   5.67543e-07   6.50865e-07   6.81283e-07   6.98709e-07   7.29447e-07   7.16318e-07   7.26966e-07   7.96125e-07   8.16205e-07   7.94195e-07   8.43548e-07   8.82557e-07   9.38433e-07   9.55619e-07   9.48752e-07   1.02011e-06   1.06064e-06   9.57623e-07   8.42201e-07   7.78112e-07   6.65655e-07     6.037e-07   5.67206e-07   5.23621e-07   4.38165e-07   3.95122e-07   3.35103e-07   2.70365e-07   2.56903e-07   2.54655e-07   2.25615e-07   2.00061e-07   1.48754e-07   1.11467e-07    9.6099e-08   8.25022e-08   5.78386e-08   5.55245e-08   2.17952e-08    1.5488e-08   4.12329e-08   1.00394e-08   2.42368e-08
 1.40177e-07   2.28607e-07   3.32163e-07   3.49472e-07   3.75775e-07    3.9922e-07   4.00406e-07   4.87443e-07   4.80056e-07    4.6209e-07   4.77258e-07   5.58533e-07   5.20612e-07   4.80869e-07   4.35175e-07   5.36409e-07    5.9207e-07    5.8842e-07   6.23671e-07   6.28634e-07    6.3778e-07   6.89121e-07   7.25217e-07   6.95143e-07   7.60521e-07   8.16384e-07   8.70846e-07   8.93427e-07   8.98922e-07   9.58235e-07   9.57623e-07   1.06385e-06   9.10507e-07   8.39103e-07   7.20146e-07   6.59014e-07   6.24636e-07   5.90159e-07   4.94484e-07   4.52115e-07   3.89008e-07   3.05987e-07   2.99849e-07   2.94042e-07   2.60996e-07   2.29329e-07   1.68568e-07   1.44783e-07   1.17212e-07   9.97185e-08   7.22312e-08   6.23397e-08   1.49102e-08   5.92853e-09   3.66037e-08   5.91689e-09    1.8691e-08
 6.81653e-08   2.32229e-07   1.53121e-07   1.97135e-07   2.13024e-07   2.51135e-07   3.00962e-07   4.09374e-07   4.46758e-07   3.81545e-07   4.21197e-07   4.73541e-07   4.40671e-07   4.13586e-07   3.41913e-07   4.14732e-07    4.5382e-07   4.70361e-07   5.10993e-07   5.00478e-07   5.22674e-07   5.73345e-07   5.94062e-07   5.90409e-07   6.64589e-07   6.97839e-07   7.66769e-07   7.82243e-07   7.89401e-07   8.47144e-07   8.42201e-07   9.10507e-07   1.00383e-06   8.90753e-07    7.7411e-07   7.07823e-07   6.78127e-07   6.42533e-07   5.51811e-07   5.11177e-07   4.83108e-07   3.81918e-07   3.77046e-07   3.39617e-07   3.19628e-07   3.01534e-07   2.48357e-07   2.05524e-07   1.60965e-07   1.50058e-07   1.16016e-07   1.06124e-07   6.71436e-08   4.75606e-08   5.52328e-08   3.11713e-08   3.86465e-08
 8.89422e-08   1.58196e-07   7.81308e-08   1.43066e-07   1.16794e-07   1.48364e-07   1.96385e-07   3.08148e-07   3.07484e-07   2.54024e-07   2.76421e-07   3.36151e-07   3.63777e-07   3.15866e-07   2.59411e-07   3.59332e-07   3.66347e-07   3.96849e-07   4.63632e-07   4.17163e-07   4.41826e-07    4.6281e-07   4.85873e-07   4.81991e-07    5.4398e-07   5.95922e-07   6.55002e-07   6.97799e-07   7.08167e-07   7.57894e-07   7.78112e-07   8.39103e-07   8.90753e-07     9.767e-07   7.95779e-07   7.33656e-07    7.1207e-07   6.63537e-07   5.65942e-07   4.97248e-07   4.70809e-07   3.85283e-07   3.77921e-07   3.51776e-07   3.29423e-07   3.13299e-07   2.66894e-07   2.22452e-07   1.80195e-07   1.73073e-07   1.23922e-07   1.03807e-07   7.35764e-08   5.90914e-08    7.6362e-08   5.90439e-08   5.37881e-08
 4.14055e-08    1.3962e-07   7.88638e-08   1.23932e-07   1.29374e-07   1.15559e-07   1.37201e-07   2.35515e-07   2.58246e-07   1.66365e-07   1.92292e-07   2.80955e-07   2.79994e-07   2.35851e-07   2.12257e-07     3.138e-07   3.22492e-07   3.76072e-07   4.20201e-07   4.21654e-07   4.07162e-07   4.40986e-07   4.48144e-07   4.49401e-07   4.63262e-07    4.9094e-07   5.55614e-07   5.78263e-07   5.88203e-07    6.3592e-07   6.65655e-07   7.20146e-07    7.7411e-07   7.95779e-07   8.47859e-07   7.36946e-07   7.02038e-07    6.5437e-07   5.73851e-07   5.15097e-07    4.7896e-07   4.01578e-07   3.83794e-07   3.57266e-07   3.28137e-07   3.03647e-07   2.65239e-07   2.30698e-07    1.9285e-07   1.86883e-07   1.42008e-07   1.11247e-07   7.20008e-08   5.78578e-08   6.48998e-08   4.70848e-08   4.93634e-08
-6.58312e-08    1.2344e-08   1.14975e-08   3.22618e-08   9.87648e-08    7.0793e-08   1.07411e-07   1.81779e-07   1.54275e-07   8.46467e-08   1.27014e-07   2.08808e-07   2.17745e-07    1.6523e-07   1.47577e-07    2.5047e-07   2.87997e-07   3.21444e-07   3.75819e-07   3.63544e-07    3.5318e-07   3.82571e-07   4.04763e-07   3.87369e-07   4.28811e-07   4.54781e-07   5.26723e-07   5.36745e-07   5.47686e-07   5.80738e-07     6.037e-07   6.59014e-07   7.07823e-07   7.33656e-07   7.36946e-07   8.03028e-07   7.19647e-07    6.8613e-07   5.94226e-07   5.30751e-07   4.93347e-07   4.18061e-07   3.99095e-07   3.62329e-07   3.35175e-07   3.19575e-07   2.68068e-07   2.36582e-07   1.97735e-07   1.77205e-07   1.45028e-07   1.08692e-07   6.84189e-08   5.75349e-08   6.27347e-08   5.32958e-08   4.73253e-08
 1.39422e-08   1.14542e-07   7.25297e-08   7.53038e-08   1.13432e-07    8.8843e-08   1.06144e-07   1.75673e-07   1.41541e-07   8.82049e-08    1.1596e-07   2.00889e-07   2.06384e-07   1.40505e-07   8.49559e-08   1.86328e-07   2.40795e-07   2.73147e-07   2.81364e-07   2.84249e-07   2.88014e-07   3.02565e-07   3.62898e-07   3.44066e-07   3.66496e-07   3.93153e-07   4.60944e-07   4.57043e-07   4.65938e-07   5.20299e-07   5.67206e-07   6.24636e-07   6.78127e-07    7.1207e-07   7.02038e-07   7.19647e-07    8.2928e-07   7.73488e-07   6.62468e-07    5.9513e-07   5.53715e-07   4.65887e-07   4.45966e-07   3.98621e-07   3.62505e-07   3.37209e-07   2.75564e-07   2.48299e-07   2.06205e-07   1.99622e-07   1.54567e-07   1.22442e-07   7.12892e-08   6.14241e-08    7.6162e-08   5.80949e-08   7.17995e-08
 5.26027e-09   1.09169e-07   5.51997e-08   7.27058e-08   1.13381e-07   7.93618e-08   9.78374e-08   1.79677e-07   1.15557e-07   9.25895e-08   1.39616e-07   1.94805e-07   2.16783e-07    1.3939e-07   9.76607e-08    1.9065e-07   2.28446e-07   2.82431e-07   2.79148e-07    2.8604e-07   2.71958e-07   2.68871e-07   3.50469e-07   3.14435e-07   3.44301e-07   3.75342e-07   4.29664e-07   4.31685e-07   4.26212e-07    4.7819e-07   5.23621e-07   5.90159e-07   6.42533e-07   6.63537e-07    6.5437e-07    6.8613e-07   7.73488e-07   8.70364e-07   7.33301e-07   6.65471e-07   6.31856e-07   5.34187e-07   5.25597e-07   4.67876e-07   4.13656e-07   3.81194e-07   3.10561e-07   2.87285e-07    2.4873e-07   2.34242e-07   1.96345e-07   1.51244e-07    9.4078e-08   8.57769e-08   8.93129e-08   8.14072e-08   8.69055e-08
-1.33929e-07  -6.29586e-08  -1.06332e-07  -9.97921e-08  -3.16319e-08  -1.49568e-08   3.07061e-08   1.02066e-07    2.0198e-08  -8.95428e-09   5.26786e-08   1.30727e-07   1.36356e-07   5.87201e-08   4.78395e-08   1.00595e-07   1.54268e-07   2.02732e-07   2.44896e-07   2.23361e-07   2.15241e-07   2.22351e-07   2.82898e-07   2.45026e-07   2.88875e-07   3.03386e-07   3.57208e-07   3.60384e-07   3.47823e-07    4.0044e-07   4.38165e-07   4.94484e-07   5.51811e-07   5.65942e-07   5.73851e-07   5.94226e-07   6.62468e-07   7.33301e-07   7.67362e-07    6.8294e-07   6.33281e-07   5.46932e-07   5.45161e-07   4.87915e-07   4.15821e-07   3.91613e-07    3.3625e-07   3.09782e-07   2.69776e-07   2.70162e-07   2.34301e-07   2.05881e-07   1.60086e-07   1.42039e-07   1.51999e-07   1.20902e-07   1.14108e-07
-3.01646e-07  -2.03579e-07  -2.22422e-07  -1.36676e-07  -1.05612e-07  -5.49882e-08   1.82894e-09   6.52447e-08  -2.16065e-09  -1.26428e-08   3.28629e-08   7.54976e-08   7.12974e-08   1.26745e-08   3.66194e-08   6.46872e-08   1.14224e-07   1.44444e-07   1.61453e-07   1.51347e-07   1.65319e-07   1.83164e-07   2.12581e-07   2.13018e-07   2.38282e-07   2.24026e-07    2.7805e-07   3.06978e-07   3.14915e-07    3.6561e-07   3.95122e-07   4.52115e-07   5.11177e-07   4.97248e-07   5.15097e-07   5.30751e-07    5.9513e-07   6.65471e-07    6.8294e-07   7.49991e-07   6.72773e-07   5.86688e-07   5.81207e-07   5.08225e-07   4.26894e-07   4.03231e-07   3.38624e-07   3.18801e-07   2.71778e-07   2.67162e-07   2.44188e-07   2.23257e-07   1.72967e-07   1.53773e-07   1.55296e-07   1.24595e-07   1.26618e-07
-1.65532e-07  -8.78645e-08   -1.5774e-07  -1.19849e-07  -5.51101e-08  -4.96736e-08   4.99671e-08   1.17141e-07   2.75306e-08   3.07447e-08   6.75495e-08   8.83775e-08   1.19624e-07   5.65056e-08   6.36844e-08   9.27463e-08    1.2452e-07   1.48905e-07   1.36409e-07   1.23929e-07    1.3868e-07   1.40908e-07   1.73771e-07   1.64228e-07   2.12277e-07   1.81478e-07   2.46376e-07   2.45129e-07   2.70492e-07   3.22396e-07   3.35103e-07   3.89008e-07   4.83108e-07   4.70809e-07    4.7896e-07   4.93347e-07   5.53715e-07   6.31856e-07   6.33281e-07   6.72773e-07   7.37423e-07   6.23299e-07   6.23737e-07   5.36435e-07   4.76689e-07   4.49069e-07   3.82515e-07   3.55864e-07    3.0699e-07   2.97137e-07   2.56675e-07   2.30183e-07   1.87826e-07   1.80042e-07   1.69753e-07   1.40405e-07   1.35865e-07
-1.09805e-07  -4.84168e-08  -2.00938e-07  -1.61971e-07  -1.20832e-07   -7.6501e-08    -2.729e-08    5.8756e-08  -3.65863e-08  -3.16775e-08   1.65025e-08   4.30216e-08   6.07554e-08   4.29289e-09   7.27543e-09   5.44243e-08   5.42326e-08   8.13726e-08   6.60631e-08   5.29079e-08   5.92267e-08    6.7728e-08   8.27617e-08   9.07919e-08   1.28865e-07   1.13037e-07   1.71624e-07   1.77128e-07    1.9248e-07   2.43924e-07   2.70365e-07   3.05987e-07   3.81918e-07   3.85283e-07   4.01578e-07   4.18061e-07   4.65887e-07   5.34187e-07   5.46932e-07   5.86688e-07   6.23299e-07   6.85267e-07   6.55207e-07   5.80534e-07   5.13314e-07   4.77214e-07   4.09128e-07   3.76695e-07   3.21679e-07   3.19432e-07   2.77526e-07   2.46711e-07   2.25781e-07   2.05854e-07   1.92757e-07   1.75125e-07   1.68498e-07
-9.25463e-08  -5.68052e-08   -2.0927e-07  -1.40696e-07  -1.49321e-07  -9.38128e-08  -7.87737e-08  -1.93496e-09  -1.06535e-07   -9.5719e-08  -4.11581e-08   6.92094e-09     3.002e-08  -3.98796e-08  -2.74192e-08   1.03998e-08   2.23694e-08   3.72608e-08   4.39533e-08   1.55339e-08   3.16002e-08   6.04475e-08   8.91856e-08   1.01135e-07   1.37492e-07   1.05204e-07   1.49772e-07   1.64001e-07   1.79567e-07   2.26878e-07   2.56903e-07   2.99849e-07   3.77046e-07   3.77921e-07   3.83794e-07   3.99095e-07   4.45966e-07   5.25597e-07   5.45161e-07   5.81207e-07   6.23737e-07   6.55207e-07   7.83282e-07   6.64962e-07   5.96222e-07   5.47526e-07   4.80952e-07   4.48727e-07    3.9044e-07   3.76481e-07   3.31301e-07   2.99009e-07   2.65228e-07   2.36835e-07   2.17747e-07   1.92554e-07   1.75902e-07
-2.62137e-08  -7.67885e-09   -1.6843e-07  -5.96485e-08  -8.15068e-08  -4.05831e-08  -4.26783e-09   7.27455e-08  -1.68454e-08  -2.97295e-08  -1.34661e-08   3.70647e-08   5.58237e-08  -1.23747e-08  -1.76694e-08   5.10794e-08   3.85519e-08   5.46685e-08    4.9627e-08   3.70862e-08   4.27983e-08    7.3707e-08   9.11696e-08   9.39461e-08   1.29699e-07   1.05572e-07   1.27148e-07   1.61393e-07   1.72171e-07   2.13197e-07   2.54655e-07   2.94042e-07   3.39617e-07   3.51776e-07   3.57266e-07   3.62329e-07   3.98621e-07   4.67876e-07   4.87915e-07   5.08225e-07   5.36435e-07   5.80534e-07   6.64962e-07   6.94141e-07   5.86424e-07     5.475e-07   4.91855e-07   4.51103e-07    3.8097e-07    3.7508e-07   3.31841e-07   2.96029e-07    2.6425e-07   2.42199e-07   2.20498e-07   1.97907e-07   1.81575e-07
  8.9855e-08   1.37613e-07  -4.72264e-08   7.63752e-08   1.61397e-08   1.49668e-08   2.36918e-08   9.20366e-08   7.77337e-09  -2.08176e-08   1.12324e-08   3.53598e-08   4.00998e-08   2.01323e-08   1.04202e-08   8.14283e-08   6.57431e-08   3.67161e-08    4.8963e-08   6.42341e-08   4.87396e-08   6.10326e-08   6.37792e-08   8.39258e-08   1.17825e-07   9.43609e-08   1.20917e-07   1.26408e-07   1.40776e-07    1.8956e-07   2.25615e-07   2.60996e-07   3.19628e-07   3.29423e-07   3.28137e-07   3.35175e-07   3.62505e-07   4.13656e-07   4.15821e-07   4.26894e-07   4.76689e-07   5.13314e-07   5.96222e-07   5.86424e-07   6.28191e-07   5.60684e-07   5.05556e-07    4.6371e-07   3.92841e-07   3.81101e-07   3.40246e-07   3.00654e-07   2.66832e-07    2.3777e-07   2.09108e-07   1.82727e-07   1.78943e-07
 8.12263e-08    1.0637e-07  -4.44285e-08   7.32265e-08  -2.88661e-08   6.46483e-09    4.5088e-08   8.60054e-08    3.5067e-08   1.32006e-08   9.45188e-09   4.56728e-08   4.30265e-08   3.29498e-08    1.1672e-08   1.06035e-07   7.46766e-08   5.77858e-08     3.664e-08   4.75829e-08   4.52402e-08   7.27549e-08   8.02049e-08   1.00853e-07   1.20483e-07   9.27951e-08   1.16641e-07   1.21015e-07   1.26671e-07   1.71646e-07   2.00061e-07   2.29329e-07   3.01534e-07   3.13299e-07   3.03647e-07   3.19575e-07   3.37209e-07   3.81194e-07   3.91613e-07   4.03231e-07   4.49069e-07   4.77214e-07   5.47526e-07     5.475e-07   5.60684e-07   6.31591e-07   5.52454e-07   5.09047e-07   4.49001e-07   4.38027e-07   3.87312e-07   3.42195e-07   3.01605e-07    2.9039e-07   2.44008e-07    2.1809e-07   2.08203e-07
  3.0987e-08   5.41212e-08  -5.56649e-08  -9.20905e-09  -9.53618e-08  -4.75242e-08   1.46408e-08   4.83695e-08   4.90503e-09  -4.59446e-08  -1.96263e-08   7.12809e-10   1.01684e-08  -4.86637e-10  -1.39919e-08   8.50272e-08   6.59775e-08   3.53668e-08   3.55346e-08   3.86943e-08   2.83304e-08   3.25348e-08    5.3294e-08   7.23602e-08   5.70859e-08   3.85497e-08    6.3186e-08   7.37701e-08   7.00699e-08    1.1414e-07   1.48754e-07   1.68568e-07   2.48357e-07   2.66894e-07   2.65239e-07   2.68068e-07   2.75564e-07   3.10561e-07    3.3625e-07   3.38624e-07   3.82515e-07   4.09128e-07   4.80952e-07   4.91855e-07   5.05556e-07   5.52454e-07   5.97679e-07   5.33456e-07   4.64629e-07   4.57276e-07   3.98618e-07    3.4663e-07    3.1027e-07   2.93389e-07   2.49566e-07    2.1785e-07    2.0466e-07
 9.47739e-09   7.16034e-08  -2.09128e-08   2.09441e-08  -3.58136e-08  -3.98064e-08  -5.83106e-09    4.0004e-08    1.6362e-08  -3.66937e-08  -3.28451e-08  -1.25028e-09  -1.34868e-08  -2.07287e-08  -9.71038e-09   5.37087e-08   4.80828e-08   1.45092e-08   5.45474e-09   2.41708e-08  -2.21213e-10   9.63188e-09   3.63373e-08   6.78891e-08    4.5433e-08   3.27935e-08   3.19671e-08    4.1013e-08   4.04497e-08   7.58726e-08   1.11467e-07   1.44783e-07   2.05524e-07   2.22452e-07   2.30698e-07   2.36582e-07   2.48299e-07   2.87285e-07   3.09782e-07   3.18801e-07   3.55864e-07   3.76695e-07   4.48727e-07   4.51103e-07    4.6371e-07   5.09047e-07   5.33456e-07   5.86476e-07   5.03369e-07   4.87753e-07   4.30542e-07   3.72738e-07   3.36663e-07   3.15713e-07   2.79227e-07   2.42986e-07    2.2314e-07
 7.37525e-08   1.02682e-07   4.53888e-08   9.71117e-08   2.36475e-08    2.2493e-08   2.49525e-09    4.2901e-08   4.04519e-08   4.70391e-10   2.51033e-09   3.26487e-08   3.23134e-08   8.02341e-09   5.14032e-08   9.93416e-08   8.47852e-08   6.40653e-08   4.51361e-08   6.61624e-08   4.97542e-08   8.16467e-08   8.89136e-08    9.8076e-08   6.06455e-08   3.08063e-08   3.77827e-08   4.59703e-08   4.11346e-08   7.53801e-08    9.6099e-08   1.17212e-07   1.60965e-07   1.80195e-07    1.9285e-07   1.97735e-07   2.06205e-07    2.4873e-07   2.69776e-07   2.71778e-07    3.0699e-07   3.21679e-07    3.9044e-07    3.8097e-07   3.92841e-07   4.49001e-07   4.64629e-07   5.03369e-07   5.43191e-07    4.9769e-07   4.52726e-07   4.02688e-07   3.58677e-07    3.3677e-07   2.98206e-07   2.60453e-07   2.37518e-07
-9.89677e-08  -4.03624e-08  -6.56506e-08  -1.88767e-09  -6.77412e-08  -6.17143e-08  -3.91606e-08  -4.72186e-08  -4.29872e-08  -8.53593e-08  -7.88618e-08  -4.45398e-08  -3.85658e-08  -7.53358e-08  -5.07022e-08  -2.42639e-09  -2.76868e-08  -3.78367e-08  -4.70827e-08  -1.56535e-08  -1.57543e-08   1.91456e-08   4.70532e-08   4.72283e-08   2.67567e-08   5.71285e-09   2.94287e-08    3.0512e-08   2.47514e-08   6.42553e-08   8.25022e-08   9.97185e-08   1.50058e-07   1.73073e-07   1.86883e-07   1.77205e-07   1.99622e-07   2.34242e-07   2.70162e-07   2.67162e-07   2.97137e-07   3.19432e-07   3.76481e-07    3.7508e-07   3.81101e-07   4.38027e-07   4.57276e-07   4.87753e-07    4.9769e-07   5.70655e-07   5.11763e-07   4.57733e-07   4.05894e-07   3.89139e-07   3.41762e-07   2.99983e-07   2.81696e-07
