8120025.042941  481267.680585  167860.375755  183182.352695  113141.068736  109273.829708  83698.745981  55618.220005  45989.964407  34974.436913  24742.276857  19545.751216
481267.680586  1477313.700194  173291.307724  95445.104973  75255.458765  58592.473648  45141.754126  33847.765906  26403.330348  21940.315630  18847.645989  16886.994598
167860.375755  173291.307724  424815.311731  82635.071862  48422.204934  39184.877236  28969.401877  19145.075056  17337.694218  15295.157382  11331.722573  10329.709757
183182.352695  95445.104973  82635.071862  167565.319943  34198.822494  22428.172937  19601.161745  15036.020970  11355.685486   8459.853925   6885.073099   6519.795180
113141.068736  75255.458765  48422.204934  34198.822494  69262.095605  17522.518092  12046.173536   9654.159618   8064.702506   6172.422979   5080.143260   4485.334742
109273.829708  58592.473647  39184.877236  22428.172937  17522.518092  39842.989614  10197.895263   7943.533397   5913.744414   5653.985385   4022.676996   3715.895930
83698.745981  45141.754126  28969.401877  19601.161745  12046.173536  10197.895263  22372.026228   6228.538505   4663.467800   4295.060386   3959.931281   2903.370601
55618.220005  33847.765906  19145.075056  15036.020970   9654.159618   7943.533397   6228.538505  13389.161688   3739.954954   3150.638517   2752.724842   2354.580309
45989.964407  26403.330348  17337.694218  11355.685486   8064.702506   5913.744414   4663.467800   3739.954954   8213.506143   2607.124304   2204.890457   1950.121902
34974.436913  21940.315630  15295.157382   8459.853925   6172.422979   5653.985385   4295.060386   3150.638517   2607.124304   5305.252099   2048.620158   1531.248312
24742.276857  18847.645989  11331.722573   6885.073099   5080.143260   4022.676996   3959.931281   2752.724842   2204.890457   2048.620158   4116.633527   1490.858019
19545.751216  16886.994598  10329.709757   6519.795180   4485.334742   3715.895930   2903.370601   2354.580309   1950.121902   1531.248312   1490.858019   2849.437392
