 8.39019e-06   6.38382e-06   4.68444e-06   3.85052e-06   3.11568e-06   2.60921e-06   1.87796e-06   1.56797e-06   1.23181e-06   9.99998e-07   7.11541e-07   6.01185e-07   5.32967e-07   3.59846e-07   3.66576e-07   2.20783e-07   1.49535e-07   5.29667e-08   7.75789e-09  -7.25596e-08  -7.08321e-08  -5.26578e-08  -2.65208e-09   4.18086e-08   5.04238e-08  -1.57422e-08  -3.28095e-08  -4.90062e-08
 6.38382e-06   6.52292e-06   5.05181e-06   4.23064e-06   3.42235e-06   2.81556e-06   2.05706e-06   1.74565e-06   1.38863e-06   1.15132e-06   8.92916e-07    7.4529e-07   6.17507e-07   4.24049e-07   4.23604e-07    2.8541e-07   1.56086e-07   5.99434e-08  -2.16906e-08  -7.51658e-08  -9.12459e-08  -8.18763e-08  -1.35313e-08    3.2793e-08   1.98212e-08  -4.61233e-08  -6.50666e-08  -1.26544e-07
 4.68444e-06   5.05181e-06   5.05044e-06   4.19484e-06   3.37057e-06   2.76028e-06   2.06429e-06   1.76726e-06    1.4283e-06   1.17129e-06   8.83579e-07   6.68291e-07   5.23444e-07   3.63031e-07   4.24333e-07   3.19296e-07   2.30895e-07   9.87883e-08   4.29238e-08  -2.89642e-08  -2.69374e-08  -4.37967e-08  -2.32642e-09   3.07268e-08   1.82754e-08  -5.75196e-08  -7.19661e-08   -1.4297e-07
 3.85052e-06   4.23064e-06   4.19484e-06   4.56099e-06   3.72492e-06   3.07393e-06   2.41335e-06   2.01927e-06   1.58232e-06   1.26622e-06   9.40205e-07   7.19276e-07   5.77077e-07   3.98734e-07   4.43414e-07   3.18615e-07   2.25424e-07   1.24857e-07   4.55221e-08   2.42026e-08   1.65153e-08  -1.60615e-08   3.25418e-08   4.75159e-08   4.33742e-08  -5.17821e-08  -4.48474e-08  -9.49587e-08
 3.11568e-06   3.42235e-06   3.37057e-06   3.72492e-06   3.84694e-06   3.25136e-06   2.54978e-06   2.09473e-06   1.63103e-06   1.28192e-06   9.49166e-07   7.80224e-07    6.3836e-07   4.67639e-07   4.78364e-07    3.1076e-07   1.80855e-07   6.74293e-08   3.72066e-08    4.8914e-09  -5.49029e-09  -4.06711e-08  -1.52116e-08   2.02989e-09   3.04199e-08  -4.93142e-08  -2.67296e-08  -3.43032e-08
 2.60921e-06   2.81556e-06   2.76028e-06   3.07393e-06   3.25136e-06   3.38536e-06   2.67857e-06   2.26825e-06   1.76292e-06   1.33504e-06   1.05643e-06   9.18966e-07   7.44403e-07    5.5027e-07   5.05954e-07   3.16541e-07   1.82046e-07   5.80193e-08   2.94112e-08   1.58557e-08  -1.46085e-08  -5.70181e-08  -3.86499e-08  -3.88116e-08  -1.86645e-08  -1.01202e-07  -5.06758e-08  -6.51843e-08
 1.87796e-06   2.05706e-06   2.06429e-06   2.41335e-06   2.54978e-06   2.67857e-06   2.69315e-06   2.30439e-06   1.85754e-06   1.44364e-06   1.12959e-06   1.00264e-06   7.93318e-07   5.68352e-07   4.96292e-07   3.39311e-07   2.09126e-07   8.89651e-08   4.17581e-08   3.10931e-08   1.52572e-08  -2.05283e-08   3.40131e-09   1.44625e-08   2.73331e-09  -7.61957e-08  -4.37012e-08  -5.72233e-08
 1.56797e-06   1.74565e-06   1.76726e-06   2.01927e-06   2.09473e-06   2.26825e-06   2.30439e-06   2.44948e-06   2.02482e-06    1.6213e-06   1.31987e-06   1.13317e-06   8.93741e-07   6.70834e-07   5.44767e-07   3.70754e-07   2.38844e-07   1.50644e-07   9.45461e-08   6.76923e-08   4.83937e-08   1.96238e-08   1.00451e-08   1.70548e-08   1.87813e-08  -7.86695e-08  -5.17136e-08  -6.64566e-08
 1.23181e-06   1.38863e-06    1.4283e-06   1.58232e-06   1.63103e-06   1.76292e-06   1.85754e-06   2.02482e-06   2.03725e-06   1.65038e-06   1.36204e-06    1.1527e-06   9.15293e-07   6.81402e-07   5.49166e-07   4.10039e-07   3.01522e-07   2.08844e-07   1.53979e-07   1.18706e-07   8.11461e-08   5.35331e-08   2.80232e-08   2.37685e-08    2.5274e-08   -6.3749e-08  -3.54132e-08  -4.40592e-08
 9.99998e-07   1.15132e-06   1.17129e-06   1.26622e-06   1.28192e-06   1.33504e-06   1.44364e-06    1.6213e-06   1.65038e-06   1.69729e-06   1.43197e-06   1.21597e-06   9.74736e-07   7.15275e-07   5.76607e-07   4.38666e-07    3.1192e-07   2.22293e-07   1.69507e-07   1.14669e-07    7.1584e-08   4.24135e-08    1.5767e-08   1.04209e-08   3.15461e-09  -6.94106e-08  -6.85561e-08  -6.51505e-08
 7.11541e-07   8.92916e-07   8.83579e-07   9.40205e-07   9.49166e-07   1.05643e-06   1.12959e-06   1.31987e-06   1.36204e-06   1.43197e-06   1.47999e-06    1.2528e-06   1.01716e-06   7.49144e-07    5.8995e-07   4.25671e-07   3.02625e-07   2.12845e-07   1.80099e-07   1.26652e-07   9.33251e-08    6.7197e-08   3.54264e-08   1.00925e-08  -8.24801e-09  -4.97487e-08  -5.40549e-08  -5.53211e-08
 6.01185e-07    7.4529e-07   6.68291e-07   7.19276e-07   7.80224e-07   9.18966e-07   1.00264e-06   1.13317e-06    1.1527e-06   1.21597e-06    1.2528e-06   1.33853e-06   1.09494e-06   8.20785e-07   6.53237e-07   4.89381e-07   3.63213e-07   2.54982e-07   2.19549e-07   1.46175e-07   1.12109e-07   6.63338e-08   3.89647e-08   1.09496e-08  -3.10394e-08  -5.48702e-08  -5.66741e-08  -5.43592e-08
 5.32967e-07   6.17507e-07   5.23444e-07   5.77077e-07    6.3836e-07   7.44403e-07   7.93318e-07   8.93741e-07   9.15293e-07   9.74736e-07   1.01716e-06   1.09494e-06   1.10242e-06   8.74802e-07    6.9457e-07   5.12862e-07   3.98208e-07   2.93382e-07   2.34721e-07    1.6032e-07   1.34638e-07   8.37933e-08   4.64766e-08   3.01146e-08   -2.1611e-08  -3.59228e-08  -2.82728e-08  -2.45372e-08
 3.59846e-07   4.24049e-07   3.63031e-07   3.98734e-07   4.67639e-07    5.5027e-07   5.68352e-07   6.70834e-07   6.81402e-07   7.15275e-07   7.49144e-07   8.20785e-07   8.74802e-07   9.21532e-07   7.37664e-07   5.67807e-07   4.52859e-07   3.54473e-07   2.90886e-07   2.03048e-07   1.42556e-07   9.83912e-08    6.5707e-08   3.55232e-08  -2.05254e-08  -4.15871e-08  -3.56565e-08  -3.28083e-08
 3.66576e-07   4.23604e-07   4.24333e-07   4.43414e-07   4.78364e-07   5.05954e-07   4.96292e-07   5.44767e-07   5.49166e-07   5.76607e-07    5.8995e-07   6.53237e-07    6.9457e-07   7.37664e-07   7.70966e-07   6.33103e-07   5.00287e-07   3.69425e-07   3.18709e-07   2.35932e-07   1.84703e-07   1.40057e-07   1.17529e-07   6.57429e-08   9.54384e-10  -1.16521e-08  -1.64091e-08  -2.74219e-08
 2.20783e-07    2.8541e-07   3.19296e-07   3.18615e-07    3.1076e-07   3.16541e-07   3.39311e-07   3.70754e-07   4.10039e-07   4.38666e-07   4.25671e-07   4.89381e-07   5.12862e-07   5.67807e-07   6.33103e-07   6.94877e-07   5.79821e-07   4.25245e-07   3.57689e-07   2.74301e-07   2.11442e-07   1.75507e-07   1.55266e-07   9.56529e-08   3.82044e-08   1.96837e-08   4.26434e-09  -1.34066e-08
 1.49535e-07   1.56086e-07   2.30895e-07   2.25424e-07   1.80855e-07   1.82046e-07   2.09126e-07   2.38844e-07   3.01522e-07    3.1192e-07   3.02625e-07   3.63213e-07   3.98208e-07   4.52859e-07   5.00287e-07   5.79821e-07    6.5179e-07   5.13242e-07   4.42018e-07   3.39607e-07    2.6868e-07   2.26912e-07   1.96321e-07   1.35067e-07   8.38168e-08   6.47091e-08   4.86379e-08   1.52432e-08
 5.29667e-08   5.99434e-08   9.87883e-08   1.24857e-07   6.74293e-08   5.80193e-08   8.89651e-08   1.50644e-07   2.08844e-07   2.22293e-07   2.12845e-07   2.54982e-07   2.93382e-07   3.54473e-07   3.69425e-07   4.25245e-07   5.13242e-07   5.70242e-07   4.88674e-07    3.9138e-07   3.12444e-07   2.64571e-07   2.20549e-07   1.52304e-07   1.03927e-07   7.26744e-08   5.60836e-08   2.20411e-08
 7.75789e-09  -2.16906e-08   4.29238e-08   4.55221e-08   3.72066e-08   2.94112e-08   4.17581e-08   9.45461e-08   1.53979e-07   1.69507e-07   1.80099e-07   2.19549e-07   2.34721e-07   2.90886e-07   3.18709e-07   3.57689e-07   4.42018e-07   4.88674e-07   5.45967e-07   4.55837e-07   3.67168e-07   3.15099e-07   2.54449e-07    1.7064e-07   1.35112e-07   1.14705e-07   8.47297e-08   4.53243e-08
-7.25596e-08  -7.51658e-08  -2.89642e-08   2.42026e-08    4.8914e-09   1.58557e-08   3.10931e-08   6.76923e-08   1.18706e-07   1.14669e-07   1.26652e-07   1.46175e-07    1.6032e-07   2.03048e-07   2.35932e-07   2.74301e-07   3.39607e-07    3.9138e-07   4.55837e-07   5.17118e-07   4.21644e-07   3.63865e-07    2.9231e-07   2.02562e-07   1.68628e-07   1.38161e-07   1.07157e-07   6.00217e-08
-7.08321e-08  -9.12459e-08  -2.69374e-08   1.65153e-08  -5.49029e-09  -1.46085e-08   1.52572e-08   4.83937e-08   8.11461e-08    7.1584e-08   9.33251e-08   1.12109e-07   1.34638e-07   1.42556e-07   1.84703e-07   2.11442e-07    2.6868e-07   3.12444e-07   3.67168e-07   4.21644e-07   4.70222e-07   4.21598e-07   3.52387e-07     2.555e-07   2.01503e-07   1.68109e-07    1.3392e-07   8.33756e-08
-5.26578e-08  -8.18763e-08  -4.37967e-08  -1.60615e-08  -4.06711e-08  -5.70181e-08  -2.05283e-08   1.96238e-08   5.35331e-08   4.24135e-08    6.7197e-08   6.63338e-08   8.37933e-08   9.83912e-08   1.40057e-07   1.75507e-07   2.26912e-07   2.64571e-07   3.15099e-07   3.63865e-07   4.21598e-07   4.70072e-07   4.01412e-07   2.94552e-07   2.34658e-07    1.9825e-07   1.44174e-07   9.40669e-08
-2.65208e-09  -1.35313e-08  -2.32642e-09   3.25418e-08  -1.52116e-08  -3.86499e-08   3.40131e-09   1.00451e-08   2.80232e-08    1.5767e-08   3.54264e-08   3.89647e-08   4.64766e-08    6.5707e-08   1.17529e-07   1.55266e-07   1.96321e-07   2.20549e-07   2.54449e-07    2.9231e-07   3.52387e-07   4.01412e-07   4.53903e-07   3.61819e-07   2.92281e-07   2.44405e-07   1.85504e-07   1.30783e-07
 4.18086e-08    3.2793e-08   3.07268e-08   4.75159e-08   2.02989e-09  -3.88116e-08   1.44625e-08   1.70548e-08   2.37685e-08   1.04209e-08   1.00925e-08   1.09496e-08   3.01146e-08   3.55232e-08   6.57429e-08   9.56529e-08   1.35067e-07   1.52304e-07    1.7064e-07   2.02562e-07     2.555e-07   2.94552e-07   3.61819e-07   3.87874e-07   3.34401e-07   2.86813e-07   2.28771e-07    1.6791e-07
 5.04238e-08   1.98212e-08   1.82754e-08   4.33742e-08   3.04199e-08  -1.86645e-08   2.73331e-09   1.87813e-08    2.5274e-08   3.15461e-09  -8.24801e-09  -3.10394e-08   -2.1611e-08  -2.05254e-08   9.54384e-10   3.82044e-08   8.38168e-08   1.03927e-07   1.35112e-07   1.68628e-07   2.01503e-07   2.34658e-07   2.92281e-07   3.34401e-07   3.86647e-07   3.36317e-07   2.81307e-07   2.06682e-07
-1.57422e-08  -4.61233e-08  -5.75196e-08  -5.17821e-08  -4.93142e-08  -1.01202e-07  -7.61957e-08  -7.86695e-08   -6.3749e-08  -6.94106e-08  -4.97487e-08  -5.48702e-08  -3.59228e-08  -4.15871e-08  -1.16521e-08   1.96837e-08   6.47091e-08   7.26744e-08   1.14705e-07   1.38161e-07   1.68109e-07    1.9825e-07   2.44405e-07   2.86813e-07   3.36317e-07   3.72418e-07   3.14538e-07   2.40903e-07
-3.28095e-08  -6.50666e-08  -7.19661e-08  -4.48474e-08  -2.67296e-08  -5.06758e-08  -4.37012e-08  -5.17136e-08  -3.54132e-08  -6.85561e-08  -5.40549e-08  -5.66741e-08  -2.82728e-08  -3.56565e-08  -1.64091e-08   4.26434e-09   4.86379e-08   5.60836e-08   8.47297e-08   1.07157e-07    1.3392e-07   1.44174e-07   1.85504e-07   2.28771e-07   2.81307e-07   3.14538e-07    3.4267e-07    2.7011e-07
-4.90062e-08  -1.26544e-07   -1.4297e-07  -9.49587e-08  -3.43032e-08  -6.51843e-08  -5.72233e-08  -6.64566e-08  -4.40592e-08  -6.51505e-08  -5.53211e-08  -5.43592e-08  -2.45372e-08  -3.28083e-08  -2.74219e-08  -1.34066e-08   1.52432e-08   2.20411e-08   4.53243e-08   6.00217e-08   8.33756e-08   9.40669e-08   1.30783e-07    1.6791e-07   2.06682e-07   2.40903e-07    2.7011e-07   2.91633e-07
