 1.56073e-05   1.23326e-05   9.37451e-06   7.31605e-06    6.1098e-06   5.49429e-06   4.72788e-06   3.78819e-06   2.83003e-06    2.2842e-06   2.26692e-06   1.90598e-06   1.74897e-06   1.53534e-06   1.13401e-06   1.00886e-06   6.76612e-07   3.72886e-07   2.25981e-07   1.60157e-07   9.54997e-08   3.99454e-09   4.56706e-08  -2.02691e-07  -9.34913e-08   -8.3996e-08   8.50958e-08   8.23474e-08   7.41543e-08  -7.16006e-09  -2.13467e-07  -1.47254e-07  -1.62151e-07  -3.76574e-08
 1.23326e-05   1.21183e-05   9.56269e-06   7.69289e-06   6.43685e-06   5.90207e-06   5.07749e-06   4.04022e-06    3.1418e-06   2.55822e-06   2.54106e-06   2.11464e-06   1.89716e-06   1.63732e-06   1.15182e-06   9.60753e-07   7.37387e-07   4.41407e-07   3.40138e-07   1.97646e-07   8.26863e-08   3.05614e-08   3.94631e-08  -1.64586e-07  -1.51396e-07   -1.5387e-07  -1.91571e-08   -3.4144e-08   3.92132e-08    1.6874e-08  -1.28302e-07   -1.5903e-07  -2.07502e-07  -7.04302e-08
 9.37451e-06   9.56269e-06   9.00259e-06   7.21357e-06   6.10686e-06   5.53405e-06   4.72804e-06   3.75693e-06   2.99403e-06   2.46282e-06    2.3572e-06   1.98934e-06   1.80022e-06   1.51383e-06   1.12868e-06   9.16865e-07   7.76594e-07   4.81979e-07   3.52894e-07   2.33125e-07   1.15814e-07   9.41453e-08    5.9231e-08  -9.56612e-08  -1.12745e-07  -1.34722e-07  -1.90065e-08  -3.60732e-08  -2.28035e-08   -1.8129e-08  -1.26843e-07  -1.65297e-07   -2.1873e-07  -8.83869e-08
 7.31605e-06   7.69289e-06   7.21357e-06   7.23983e-06   6.20971e-06   5.66486e-06   4.89781e-06   3.99249e-06   3.18335e-06   2.57108e-06   2.37496e-06   1.98239e-06   1.73244e-06   1.37776e-06   1.02986e-06    8.1668e-07   6.73348e-07   4.96686e-07   3.87361e-07   2.59619e-07   1.30209e-07   8.02257e-08   6.21032e-08  -1.68721e-08  -3.61558e-08  -5.76303e-08   -6.2914e-09  -5.70248e-09  -1.73442e-08  -2.73317e-08   -1.0207e-07  -1.47592e-07  -1.44263e-07  -5.75798e-08
  6.1098e-06   6.43685e-06   6.10686e-06   6.20971e-06   6.45661e-06   5.81514e-06   4.99554e-06   4.13518e-06   3.29911e-06   2.73693e-06   2.49334e-06   2.15409e-06   1.86923e-06   1.49614e-06   1.19243e-06    9.4061e-07   7.60791e-07   5.87188e-07   4.59666e-07    3.8003e-07   2.60645e-07   1.87686e-07    1.5818e-07   6.58479e-08   7.25878e-08   1.31437e-08   5.73044e-08   5.62649e-08   4.53802e-08   -1.0349e-08  -1.24611e-07  -1.69494e-07  -1.67199e-07  -6.54606e-08
 5.49429e-06   5.90207e-06   5.53405e-06   5.66486e-06   5.81514e-06   6.07233e-06   5.15838e-06   4.36442e-06   3.55714e-06   2.86539e-06   2.57491e-06   2.20032e-06   1.90085e-06   1.56501e-06    1.2703e-06   9.72507e-07   7.72772e-07   6.23196e-07   4.88168e-07   3.91058e-07   2.25603e-07   1.05723e-07   7.03824e-08   -2.7936e-08  -2.48987e-08  -7.25149e-08  -1.79603e-08   -1.2841e-08  -1.18155e-08  -3.19192e-08  -8.06383e-08  -1.24699e-07  -1.08157e-07  -1.47408e-08
 4.72788e-06   5.07749e-06   4.72804e-06   4.89781e-06   4.99554e-06   5.15838e-06   5.26982e-06   4.45029e-06   3.66599e-06   3.03559e-06   2.73257e-06   2.31232e-06    1.9748e-06   1.64521e-06   1.37395e-06   1.09949e-06   8.74361e-07   6.99443e-07    5.4632e-07   4.06107e-07   2.50327e-07   1.53767e-07   1.44023e-07   5.35318e-08   3.12671e-08  -9.72556e-09   3.13816e-09  -4.66939e-09  -2.10797e-08  -3.91208e-08  -8.38036e-08  -1.25125e-07  -1.10801e-07  -1.15433e-08
 3.78819e-06   4.04022e-06   3.75693e-06   3.99249e-06   4.13518e-06   4.36442e-06   4.45029e-06   4.39812e-06   3.68622e-06   3.10774e-06   2.71989e-06    2.3103e-06   1.98442e-06   1.70386e-06   1.45237e-06    1.2003e-06    9.4141e-07   7.97498e-07   6.24377e-07   4.46948e-07   3.11564e-07   2.12545e-07   2.03692e-07     8.945e-08    8.3127e-08      4.36e-08   4.97926e-08   3.17372e-08    1.5526e-08  -5.31842e-09  -5.68669e-08  -8.62089e-08  -7.81406e-08  -2.35884e-08
 2.83003e-06    3.1418e-06   2.99403e-06   3.18335e-06   3.29911e-06   3.55714e-06   3.66599e-06   3.68622e-06   3.68279e-06   3.14727e-06   2.76933e-06   2.36821e-06   2.02666e-06   1.69243e-06   1.37693e-06   1.12041e-06   8.56324e-07   7.00143e-07   5.26896e-07   3.44165e-07    2.3613e-07   1.19752e-07   9.61466e-08   2.88199e-08   2.50648e-08  -2.02615e-08   1.01568e-08  -4.44545e-09  -2.06786e-10  -2.03646e-08  -6.21668e-08  -8.19115e-08  -9.65975e-08  -5.59965e-08
  2.2842e-06   2.55822e-06   2.46282e-06   2.57108e-06   2.73693e-06   2.86539e-06   3.03559e-06   3.10774e-06   3.14727e-06   3.30363e-06   2.88211e-06   2.52728e-06   2.17957e-06   1.85074e-06   1.45945e-06   1.23711e-06   9.73745e-07   7.94446e-07   6.20179e-07   4.21089e-07   3.31375e-07   2.41714e-07   1.97555e-07   1.03818e-07   8.39332e-08   3.11069e-08   7.19926e-08    8.3901e-08   8.10838e-08   3.92973e-08  -4.13452e-08  -6.56804e-08  -9.70354e-08  -6.39927e-08
 2.26692e-06   2.54106e-06    2.3572e-06   2.37496e-06   2.49334e-06   2.57491e-06   2.73257e-06   2.71989e-06   2.76933e-06   2.88211e-06   2.99272e-06   2.63559e-06   2.32348e-06   2.01815e-06   1.58855e-06   1.32329e-06   1.02628e-06   8.44075e-07   6.59194e-07    4.7791e-07   3.89066e-07   3.03156e-07   2.48117e-07    1.4962e-07   1.02618e-07   3.64618e-08   3.47751e-08   2.23457e-08   2.67783e-08  -1.38251e-08  -9.60434e-08  -9.91281e-08  -1.31959e-07  -1.12219e-07
 1.90598e-06   2.11464e-06   1.98934e-06   1.98239e-06   2.15409e-06   2.20032e-06   2.31232e-06    2.3103e-06   2.36821e-06   2.52728e-06   2.63559e-06   2.69641e-06   2.37121e-06   2.06103e-06   1.62368e-06   1.36047e-06   1.09858e-06   8.86684e-07   6.89017e-07   5.24653e-07    4.3341e-07   3.46848e-07   2.75957e-07   1.84079e-07   9.92586e-08   4.42494e-08   6.50317e-08   4.58778e-08   4.50122e-08   1.04839e-08  -7.27856e-08  -6.58309e-08  -1.05234e-07   -1.0045e-07
 1.74897e-06   1.89716e-06   1.80022e-06   1.73244e-06   1.86923e-06   1.90085e-06    1.9748e-06   1.98442e-06   2.02666e-06   2.17957e-06   2.32348e-06   2.37121e-06   2.45943e-06   2.12833e-06   1.70317e-06   1.39157e-06   1.15401e-06   9.51615e-07   7.26368e-07   5.52163e-07   4.30253e-07   3.41362e-07   2.51372e-07   1.93484e-07   1.05452e-07   5.01446e-08   5.82545e-08   4.84888e-08   2.07106e-08   2.04875e-08   -5.0393e-08  -4.07673e-08  -8.14795e-08  -7.88228e-08
 1.53534e-06   1.63732e-06   1.51383e-06   1.37776e-06   1.49614e-06   1.56501e-06   1.64521e-06   1.70386e-06   1.69243e-06   1.85074e-06   2.01815e-06   2.06103e-06   2.12833e-06   2.19937e-06   1.79098e-06   1.45901e-06   1.21743e-06   9.80769e-07   7.62533e-07   5.90318e-07    4.6517e-07   4.05506e-07   3.16144e-07   2.31495e-07    1.3306e-07    8.1785e-08   7.17298e-08   6.53348e-08   4.89197e-08    5.2708e-08   1.06529e-08   1.04732e-08  -1.61132e-08  -3.48296e-08
 1.13401e-06   1.15182e-06   1.12868e-06   1.02986e-06   1.19243e-06    1.2703e-06   1.37395e-06   1.45237e-06   1.37693e-06   1.45945e-06   1.58855e-06   1.62368e-06   1.70317e-06   1.79098e-06   1.74192e-06   1.44164e-06   1.21086e-06   1.02185e-06   7.89404e-07   6.29143e-07   4.73984e-07   3.91148e-07   3.04391e-07   2.44649e-07   1.61125e-07   1.20588e-07   1.12694e-07   9.34725e-08    6.8286e-08   5.73246e-08   7.14646e-09   1.19439e-08  -1.18747e-08  -2.96705e-08
 1.00886e-06   9.60753e-07   9.16865e-07    8.1668e-07    9.4061e-07   9.72507e-07   1.09949e-06    1.2003e-06   1.12041e-06   1.23711e-06   1.32329e-06   1.36047e-06   1.39157e-06   1.45901e-06   1.44164e-06   1.52898e-06   1.29501e-06   1.09201e-06     8.802e-07   7.31498e-07   5.50272e-07   4.71732e-07    3.8095e-07   2.86811e-07   1.96634e-07   1.22694e-07   1.14481e-07   8.23108e-08   4.40823e-08   2.41345e-08  -6.78437e-09  -4.07489e-09  -1.05934e-08  -3.04442e-08
 6.76612e-07   7.37387e-07   7.76594e-07   6.73348e-07   7.60791e-07   7.72772e-07   8.74361e-07    9.4141e-07   8.56324e-07   9.73745e-07   1.02628e-06   1.09858e-06   1.15401e-06   1.21743e-06   1.21086e-06   1.29501e-06   1.37027e-06   1.15348e-06   9.38795e-07   7.89781e-07   6.12707e-07   5.11844e-07   4.12137e-07   3.18674e-07    2.2131e-07   1.43907e-07   1.31928e-07   9.33771e-08   4.16711e-08   3.01231e-08  -1.87621e-08  -3.23043e-08  -3.22873e-08  -4.84137e-08
 3.72886e-07   4.41407e-07   4.81979e-07   4.96686e-07   5.87188e-07   6.23196e-07   6.99443e-07   7.97498e-07   7.00143e-07   7.94446e-07   8.44075e-07   8.86684e-07   9.51615e-07   9.80769e-07   1.02185e-06   1.09201e-06   1.15348e-06   1.18302e-06   9.72911e-07   8.28888e-07   6.54116e-07   5.45416e-07   4.38934e-07    3.5955e-07   2.81251e-07   2.01626e-07   1.88072e-07   1.32144e-07   7.47438e-08   5.26967e-08   6.78078e-09  -2.02128e-08  -8.99521e-09  -3.20134e-08
 2.25981e-07   3.40138e-07   3.52894e-07   3.87361e-07   4.59666e-07   4.88168e-07    5.4632e-07   6.24377e-07   5.26896e-07   6.20179e-07   6.59194e-07   6.89017e-07   7.26368e-07   7.62533e-07   7.89404e-07     8.802e-07   9.38795e-07   9.72911e-07   1.02842e-06    8.7838e-07   7.21321e-07    6.1624e-07   5.34365e-07    4.2665e-07   3.31797e-07   2.54655e-07   2.50608e-07   1.90541e-07   1.28419e-07   9.36583e-08   6.22176e-08   2.59934e-08   3.77114e-08   1.82668e-08
 1.60157e-07   1.97646e-07   2.33125e-07   2.59619e-07    3.8003e-07   3.91058e-07   4.06107e-07   4.46948e-07   3.44165e-07   4.21089e-07    4.7791e-07   5.24653e-07   5.52163e-07   5.90318e-07   6.29143e-07   7.31498e-07   7.89781e-07   8.28888e-07    8.7838e-07   9.78281e-07   8.11206e-07   6.95791e-07   6.30006e-07   5.14382e-07   4.36584e-07   3.54193e-07   3.29567e-07   2.69365e-07     1.944e-07   1.40444e-07    9.4564e-08   6.07479e-08   5.32229e-08   3.20237e-08
 9.54997e-08   8.26863e-08   1.15814e-07   1.30209e-07   2.60645e-07   2.25603e-07   2.50327e-07   3.11564e-07    2.3613e-07   3.31375e-07   3.89066e-07    4.3341e-07   4.30253e-07    4.6517e-07   4.73984e-07   5.50272e-07   6.12707e-07   6.54116e-07   7.21321e-07   8.11206e-07   8.39492e-07   7.23278e-07   6.55198e-07    5.2977e-07   4.50018e-07   3.70413e-07   3.38899e-07   2.95417e-07   2.31373e-07   1.84742e-07    1.2153e-07   7.73712e-08   6.49217e-08   4.99552e-08
 3.99454e-09   3.05614e-08   9.41453e-08   8.02257e-08   1.87686e-07   1.05723e-07   1.53767e-07   2.12545e-07   1.19752e-07   2.41714e-07   3.03156e-07   3.46848e-07   3.41362e-07   4.05506e-07   3.91148e-07   4.71732e-07   5.11844e-07   5.45416e-07    6.1624e-07   6.95791e-07   7.23278e-07   7.68989e-07   7.04686e-07   5.70397e-07   4.84728e-07   4.03634e-07   3.50054e-07   2.94962e-07    2.3784e-07   1.81484e-07   1.30133e-07   7.34642e-08   6.87702e-08   5.82078e-08
 4.56706e-08   3.94631e-08    5.9231e-08   6.21032e-08    1.5818e-07   7.03824e-08   1.44023e-07   2.03692e-07   9.61466e-08   1.97555e-07   2.48117e-07   2.75957e-07   2.51372e-07   3.16144e-07   3.04391e-07    3.8095e-07   4.12137e-07   4.38934e-07   5.34365e-07   6.30006e-07   6.55198e-07   7.04686e-07   8.31762e-07     6.813e-07   5.94961e-07   5.12737e-07   4.31481e-07   3.58374e-07   2.92552e-07   2.41389e-07   1.81126e-07   1.05377e-07   1.00316e-07    8.3986e-08
-2.02691e-07  -1.64586e-07  -9.56612e-08  -1.68721e-08   6.58479e-08   -2.7936e-08   5.35318e-08     8.945e-08   2.88199e-08   1.03818e-07    1.4962e-07   1.84079e-07   1.93484e-07   2.31495e-07   2.44649e-07   2.86811e-07   3.18674e-07    3.5955e-07    4.2665e-07   5.14382e-07    5.2977e-07   5.70397e-07     6.813e-07    7.1713e-07   6.19703e-07   5.52209e-07   4.46885e-07   3.73224e-07   3.08879e-07   2.67757e-07   2.31292e-07   1.73582e-07   1.55566e-07   1.23414e-07
-9.34913e-08  -1.51396e-07  -1.12745e-07  -3.61558e-08   7.25878e-08  -2.48987e-08   3.12671e-08    8.3127e-08   2.50648e-08   8.39332e-08   1.02618e-07   9.92586e-08   1.05452e-07    1.3306e-07   1.61125e-07   1.96634e-07    2.2131e-07   2.81251e-07   3.31797e-07   4.36584e-07   4.50018e-07   4.84728e-07   5.94961e-07   6.19703e-07   6.74244e-07   6.16488e-07   5.04302e-07   4.24571e-07   3.55988e-07    3.0349e-07   2.48074e-07   2.01102e-07   1.85315e-07   1.52361e-07
 -8.3996e-08   -1.5387e-07  -1.34722e-07  -5.76303e-08   1.31437e-08  -7.25149e-08  -9.72556e-09      4.36e-08  -2.02615e-08   3.11069e-08   3.64618e-08   4.42494e-08   5.01446e-08    8.1785e-08   1.20588e-07   1.22694e-07   1.43907e-07   2.01626e-07   2.54655e-07   3.54193e-07   3.70413e-07   4.03634e-07   5.12737e-07   5.52209e-07   6.16488e-07   7.26781e-07   6.09356e-07    5.1347e-07   4.36173e-07   3.74773e-07    3.1188e-07    2.5621e-07   2.26985e-07   1.82411e-07
 8.50958e-08  -1.91571e-08  -1.90065e-08   -6.2914e-09   5.73044e-08  -1.79603e-08   3.13816e-09   4.97926e-08   1.01568e-08   7.19926e-08   3.47751e-08   6.50317e-08   5.82545e-08   7.17298e-08   1.12694e-07   1.14481e-07   1.31928e-07   1.88072e-07   2.50608e-07   3.29567e-07   3.38899e-07   3.50054e-07   4.31481e-07   4.46885e-07   5.04302e-07   6.09356e-07   6.22915e-07   5.35389e-07   4.49274e-07   3.81539e-07   3.20995e-07   2.64408e-07   2.27363e-07   1.87035e-07
 8.23474e-08   -3.4144e-08  -3.60732e-08  -5.70248e-09   5.62649e-08   -1.2841e-08  -4.66939e-09   3.17372e-08  -4.44545e-09    8.3901e-08   2.23457e-08   4.58778e-08   4.84888e-08   6.53348e-08   9.34725e-08   8.23108e-08   9.33771e-08   1.32144e-07   1.90541e-07   2.69365e-07   2.95417e-07   2.94962e-07   3.58374e-07   3.73224e-07   4.24571e-07    5.1347e-07   5.35389e-07   5.97121e-07   5.03731e-07   4.52988e-07   3.74234e-07   3.10341e-07   2.67603e-07   2.16421e-07
 7.41543e-08   3.92132e-08  -2.28035e-08  -1.73442e-08   4.53802e-08  -1.18155e-08  -2.10797e-08    1.5526e-08  -2.06786e-10   8.10838e-08   2.67783e-08   4.50122e-08   2.07106e-08   4.89197e-08    6.8286e-08   4.40823e-08   4.16711e-08   7.47438e-08   1.28419e-07     1.944e-07   2.31373e-07    2.3784e-07   2.92552e-07   3.08879e-07   3.55988e-07   4.36173e-07   4.49274e-07   5.03731e-07   5.42979e-07   4.85625e-07    3.9623e-07   3.28829e-07   2.83048e-07   2.23183e-07
-7.16006e-09    1.6874e-08   -1.8129e-08  -2.73317e-08   -1.0349e-08  -3.19192e-08  -3.91208e-08  -5.31842e-09  -2.03646e-08   3.92973e-08  -1.38251e-08   1.04839e-08   2.04875e-08    5.2708e-08   5.73246e-08   2.41345e-08   3.01231e-08   5.26967e-08   9.36583e-08   1.40444e-07   1.84742e-07   1.81484e-07   2.41389e-07   2.67757e-07    3.0349e-07   3.74773e-07   3.81539e-07   4.52988e-07   4.85625e-07    5.5028e-07   4.75952e-07   4.00216e-07   3.49568e-07   2.83759e-07
-2.13467e-07  -1.28302e-07  -1.26843e-07   -1.0207e-07  -1.24611e-07  -8.06383e-08  -8.38036e-08  -5.68669e-08  -6.21668e-08  -4.13452e-08  -9.60434e-08  -7.27856e-08   -5.0393e-08   1.06529e-08   7.14646e-09  -6.78437e-09  -1.87621e-08   6.78078e-09   6.22176e-08    9.4564e-08    1.2153e-07   1.30133e-07   1.81126e-07   2.31292e-07   2.48074e-07    3.1188e-07   3.20995e-07   3.74234e-07    3.9623e-07   4.75952e-07   5.24365e-07   4.51134e-07   4.10398e-07   3.39137e-07
-1.47254e-07   -1.5903e-07  -1.65297e-07  -1.47592e-07  -1.69494e-07  -1.24699e-07  -1.25125e-07  -8.62089e-08  -8.19115e-08  -6.56804e-08  -9.91281e-08  -6.58309e-08  -4.07673e-08   1.04732e-08   1.19439e-08  -4.07489e-09  -3.23043e-08  -2.02128e-08   2.59934e-08   6.07479e-08   7.73712e-08   7.34642e-08   1.05377e-07   1.73582e-07   2.01102e-07    2.5621e-07   2.64408e-07   3.10341e-07   3.28829e-07   4.00216e-07   4.51134e-07   4.89246e-07   4.50575e-07   3.77521e-07
-1.62151e-07  -2.07502e-07   -2.1873e-07  -1.44263e-07  -1.67199e-07  -1.08157e-07  -1.10801e-07  -7.81406e-08  -9.65975e-08  -9.70354e-08  -1.31959e-07  -1.05234e-07  -8.14795e-08  -1.61132e-08  -1.18747e-08  -1.05934e-08  -3.22873e-08  -8.99521e-09   3.77114e-08   5.32229e-08   6.49217e-08   6.87702e-08   1.00316e-07   1.55566e-07   1.85315e-07   2.26985e-07   2.27363e-07   2.67603e-07   2.83048e-07   3.49568e-07   4.10398e-07   4.50575e-07   5.12031e-07    4.4472e-07
-3.76574e-08  -7.04302e-08  -8.83869e-08  -5.75798e-08  -6.54606e-08  -1.47408e-08  -1.15433e-08  -2.35884e-08  -5.59965e-08  -6.39927e-08  -1.12219e-07   -1.0045e-07  -7.88228e-08  -3.48296e-08  -2.96705e-08  -3.04442e-08  -4.84137e-08  -3.20134e-08   1.82668e-08   3.20237e-08   4.99552e-08   5.82078e-08    8.3986e-08   1.23414e-07   1.52361e-07   1.82411e-07   1.87035e-07   2.16421e-07   2.23183e-07   2.83759e-07   3.39137e-07   3.77521e-07    4.4472e-07   4.70832e-07
