0.017083  0.00393331  0.00288342  0.00128526  -0.000116943  -0.00142538  -0.00128574  -0.00171864  -0.00217691  -0.00229041  -0.00244251  -0.000252536  1.71546e-05  0.000274029  0.000360154  0.00054985  0.000837204  0.000623246  0.000506515  -0.000168312  -0.000154399  9.76041e-05  -6.09097e-06  -0.000205345  -0.000156753  -2.41887e-05  -8.27244e-05  0.000325753  -6.73694e-05  2.44907e-05  6.10252e-05  -0.000387121  -0.000347429  -0.000168891  -4.77475e-05  0.000143219  -0.000171179  -0.000114044  -4.55105e-05  -6.02934e-05  0.000124117  0.0003586  1.88806e-05  0.000269771  9.34341e-05  9.48383e-05  3.34794e-05  -5.52959e-06  0.000244243  1.53779e-05  1.39212e-05  -5.35527e-05  4.20537e-05  -0.000106678  -0.000244722  -9.87715e-05  3.10716e-05  -1.25019e-05  -1.35747e-05  -4.32281e-05  4.84981e-05  -0.000133761  5.39683e-05  0.00019971  7.31987e-05  -5.74036e-05  0.000162228  -5.67663e-05  0.000109778  -0.000160636  -4.29579e-05  -3.18374e-05  4.60627e-05  0.00019873  -9.50093e-05  -3.09675e-05  7.08531e-05  -0.000158925  -7.11869e-05  -3.1459e-05  -8.30692e-05  0.000231795  -1.10598e-05  -1.02322e-05  -9.87635e-05  8.50588e-05  8.57128e-05  8.45356e-05  1.18168e-05  2.9109e-05  -4.92754e-05  -1.9621e-05  1.68046e-05  -0.000202885  -0.000216827  -0.000186611  0.000145713  7.14854e-05  0.000213323  -4.84465e-05  4.37831e-05  3.82884e-05  -2.76406e-05  0.00011997  8.88039e-05  -5.21565e-06  8.57479e-05  -0.0001238  9.34512e-05  2.27858e-05  -0.000189915  -2.69458e-05  -0.000255622  0.000134913  -0.000155737  -0.000127084  4.15673e-05  4.82824e-05  -3.3756e-05  0.000228282  0.000251489  9.54153e-06  9.68079e-05  7.44031e-05  1.87822e-05  -7.97879e-06  5.09748e-05  -0.00014561  -0.000100717  2.48896e-05  -0.0001453  -5.08022e-06  -1.29344e-05  -8.82175e-05  8.11437e-05  -0.00035584  -1.61874e-05  0.000256659  0.000268395  -3.64575e-05
0.00393331  0.0157814  0.00488547  0.00213655  0.000504354  -0.000682205  -0.00104202  -0.00148232  -0.00197302  -0.00210916  -0.0023101  -0.00195996  -0.000560645  0.000689174  0.000398944  0.000202641  0.000532781  0.000266808  0.000336919  0.000124098  0.000342729  0.000230466  -0.000247329  -0.000425641  -0.000145653  0.000170755  0.000128241  0.000244711  -0.000331275  -0.000122971  0.00019255  -0.000127209  4.06049e-05  1.71722e-05  -0.000343323  9.50232e-05  -0.000281891  -0.000108587  1.37117e-05  0.000303285  3.85814e-05  8.13822e-05  0.000155295  -2.84508e-05  0.000160055  0.00015793  0.000165957  -0.000189783  -6.7397e-05  -8.2951e-05  0.000102204  -0.000121924  4.94486e-05  -6.38585e-05  3.33859e-05  -7.99015e-05  -3.92665e-05  -7.97796e-05  0.000106221  -9.84861e-06  0.000292005  -6.90949e-05  -7.93653e-05  -1.96497e-06  -7.32714e-05  -5.54441e-05  0.000132564  7.78582e-05  1.97725e-05  -4.9207e-05  1.91088e-06  8.89882e-06  -2.63255e-05  -0.000139123  -7.37608e-05  0.000139615  -5.92512e-06  -1.46588e-06  -6.29255e-05  -3.13389e-06  -2.76766e-05  2.45499e-05  -8.3181e-06  0.000155172  -0.000120563  9.21195e-05  -2.32656e-05  0.000170782  0.000129921  -0.000118561  -7.1388e-05  -0.000147538  -0.00022864  -6.09084e-05  -0.000102081  -5.55811e-05  0.000277101  4.50184e-06  0.000169023  -0.000105352  0.000132224  -4.28371e-05  -3.6616e-05  6.97406e-05  -4.98373e-05  -4.21905e-05  2.97362e-05  -0.000119865  -7.6913e-05  5.56473e-05  -3.96073e-05  3.0731e-05  5.6752e-05  3.56008e-05  0.000135368  0.000205791  8.29251e-05  8.40462e-05  -0.000111274  -0.000111781  2.19526e-05  -0.00019611  5.60687e-05  5.98366e-05  -0.000140252  -7.09643e-05  9.4095e-05  -9.92587e-05  8.50165e-05  -1.89938e-05  -4.4355e-05  5.61227e-06  -3.02662e-05  1.20582e-05  9.30061e-05  5.31331e-05  3.34898e-05  -0.000138874  0.000150844  7.1603e-06
0.00288342  0.00488547  0.0161613  0.00496203  0.00297733  0.000874315  -0.00104358  -0.0013031  -0.0013689  -0.00162433  -0.00235659  -0.00192871  -0.00197063  -0.000285027  -0.000267258  0.000397736  0.00051582  0.000354045  0.000515727  0.000425708  0.000122525  0.000170996  -0.000241274  5.83923e-05  -0.000177322  -0.000167927  -1.72669e-05  0.000224881  -0.000138808  -0.000119302  0.000202609  -7.12538e-05  0.000288052  4.52438e-05  -7.1026e-05  -0.00015366  -0.000214207  -8.57428e-05  -0.00019599  0.000182135  0.00036413  0.00022591  2.34603e-05  6.35047e-05  -4.69321e-06  9.8423e-05  -0.000193194  -0.000187097  -0.000302614  -5.52309e-05  8.96636e-05  -0.000174765  0.00019098  6.56766e-05  -9.64828e-06  0.000186248  -2.08258e-05  -4.15593e-06  -8.0305e-05  -0.000121355  -9.83056e-06  3.99311e-05  4.55153e-05  2.37792e-05  -6.69667e-06  0.000265333  0.000141456  -5.3574e-05  -0.000191867  -0.000140914  -0.000101917  -5.86444e-05  0.000219526  4.10946e-05  -3.25705e-05  0.000101947  -0.000103169  0.000129507  -4.92557e-05  -8.40098e-05  7.90856e-05  8.1139e-05  -0.00010544  -3.81056e-05  -0.000106513  0.000137129  5.18996e-05  8.967e-05  0.000132994  -1.78761e-05  -8.29206e-05  -9.23561e-05  -0.000135386  -9.59783e-05  -0.000226548  -9.33062e-06  0.0001949  -6.14807e-05  6.91036e-05  -2.61315e-05  -0.0001159  0.000108269  9.40287e-05  0.00026876  -2.8949e-05  -7.47759e-05  5.40646e-05  2.43319e-05  -3.96449e-05  2.90769e-05  -0.000206169  9.57741e-05  0.000109071  0.00022489  -0.000132725  -2.46339e-05  -5.12415e-05  5.57643e-05  8.40594e-05  -7.02941e-05  -3.54606e-05  -0.000248163  -8.41388e-05  -0.000184786  -4.16655e-05  -2.1988e-05  2.59685e-05  0.000108335  0.000193994  1.3919e-05  -0.000128991  -9.39501e-06  0.000230916  -3.13694e-05  9.49523e-05  -6.25934e-05  0.000168367  -0.000248244  0.00012086  -5.46341e-05
0.00128526  0.00213655  0.00496203  0.0151372  0.00421415  0.00162069  0.000248172  -0.000840944  -0.000544318  -0.00127541  -0.00160457  -0.00200361  -0.00140682  -0.000954896  -0.000271549  0.000334026  0.000353853  1.09681e-05  0.000677622  0.000142002  0.000275872  0.000193801  -0.00036338  -0.000156751  -0.000138216  -0.000350043  0.000148486  0.000226086  0.000193655  3.60566e-05  0.0001081  -0.00024749  2.88213e-05  9.28071e-05  -6.94556e-05  -0.000176985  -0.000220507  0.000106213  2.01023e-05  0.000150122  0.000252556  3.30543e-05  6.27574e-05  0.000248346  -9.73469e-05  -7.88065e-06  -4.78148e-05  -0.00019765  -0.000100699  -0.00018554  0.000108399  -8.41364e-05  -0.00012984  4.17043e-05  -0.000171975  0.000245351  8.22751e-05  7.88997e-05  -1.77304e-05  -0.000124114  -6.1746e-06  5.79986e-05  1.92705e-05  0.000255111  -6.49734e-05  -8.86155e-05  -5.62889e-05  0.000149409  -6.19527e-05  -9.37725e-05  -5.17213e-05  -0.000119024  8.60164e-05  -7.64462e-05  -5.89939e-05  2.75851e-05  6.85487e-05  -3.64251e-07  -7.76915e-05  -7.68022e-05  0.000107197  6.74931e-05  0.000150272  8.34672e-05  -3.90222e-05  8.85571e-05  0.000120599  6.84706e-05  -3.72262e-05  -0.000231861  9.64636e-05  -0.000113601  -7.42091e-05  -2.87139e-06  -0.000111851  3.22797e-05  0.000164984  4.70459e-05  0.000119953  -3.42578e-05  6.82465e-06  -6.35051e-05  -0.000105231  9.77806e-05  -8.74381e-05  -0.000100175  -0.000213176  -0.000128477  1.92323e-05  -6.2237e-05  1.70937e-05  -4.65971e-05  0.000183824  -9.45495e-06  0.000208969  0.000246774  1.9724e-05  -3.2225e-05  -5.23358e-05  -0.000118968  -2.42464e-05  -7.05597e-05  -0.000186156  -0.000167227  0.00012146  5.03103e-05  0.000165153  1.01034e-05  6.25168e-05  0.000133045  3.1076e-05  -0.00025623  2.52367e-05  -5.74405e-05  -4.00143e-05  -2.58348e-05  7.68675e-05  3.06818e-07  7.37447e-05  -3.5044e-05
-0.000116943  0.000504354  0.00297733  0.00421415  0.012731  0.00359891  0.0021325  0.00042081  0.000201233  -0.000328689  -0.00119341  -0.00226838  -0.00183154  -0.00169116  -0.00137616  -0.000362117  -0.00014461  3.3028e-05  0.000310845  0.000377421  0.000116651  0.000200633  -0.000182046  -0.000156039  5.09795e-05  8.63109e-05  0.000115691  5.27096e-05  -0.000171505  -0.000153274  0.00018997  4.45791e-05  9.97696e-05  -8.9523e-06  -0.000124796  -0.000173905  2.94356e-05  9.71982e-06  -4.59884e-05  0.000162176  -5.00887e-05  7.89863e-05  -4.2394e-06  2.35872e-05  0.000128835  9.80493e-05  -9.01577e-06  -0.000147113  -2.57556e-06  4.21133e-05  2.39781e-05  -6.90285e-05  -0.000162439  -6.71828e-05  -0.000117975  6.51088e-05  3.19582e-05  3.84672e-05  0.000160055  2.48924e-05  0.000113247  0.000134498  -7.36096e-05  -9.01177e-06  -9.88273e-05  8.98062e-05  9.9215e-05  -7.35903e-06  -0.000217648  -0.000171909  4.94515e-06  -0.00010379  8.14298e-05  -3.48701e-05  3.33642e-05  2.5965e-05  1.08943e-05  6.94723e-05  -0.000176643  -7.47131e-06  5.83293e-06  0.000112113  -6.17712e-05  -8.31673e-05  0.000136559  0.000132614  7.43256e-05  9.58832e-05  1.53972e-05  7.20777e-05  -0.000140611  8.12763e-05  -1.8115e-05  -6.23604e-05  -0.000167697  -9.03084e-05  4.34375e-05  2.94627e-05  1.84364e-05  7.19816e-05  0.000126573  -9.53052e-05  -4.57765e-05  1.40629e-06  -1.72474e-05  -9.80488e-05  -0.00011861  1.0328e-05  9.63959e-05  -6.28144e-05  8.9221e-05  -3.11976e-05  2.53595e-05  -4.8849e-05  -8.28019e-05  0.000131203  -8.38748e-07  2.71504e-05  3.48128e-05  -4.14358e-05  -1.91944e-05  -0.000113779  -0.000120587  -5.37338e-05  5.05444e-05  6.94911e-05  0.000105018  5.57983e-05  -0.000130303  -0.000108522  0.000138645  -1.56646e-05  6.35733e-05  9.36886e-05  8.07333e-05  -8.00504e-05  0.000149967  5.98364e-05  -2.23316e-06  -0.000153448
-0.00142538  -0.000682205  0.000874315  0.00162069  0.00359891  0.0125299  0.00419025  0.00185679  0.000379678  -0.000519135  -0.000223953  -0.00130163  -0.00135134  -0.00114555  -0.00135961  -0.00130905  -0.000416332  -8.91021e-05  9.42154e-05  0.000148053  0.000255563  0.00027353  -6.46924e-05  6.24558e-05  0.000266268  6.27269e-05  -0.000240058  0.000157063  0.000174086  1.04376e-05  -2.81283e-05  -9.4408e-05  0.000135912  7.99111e-05  2.09799e-05  -4.72118e-05  0.000119407  -0.000168761  -0.000161974  0.000114559  -5.68628e-05  -5.30344e-05  3.34033e-05  0.000168824  6.19097e-05  0.000109675  -7.9764e-06  -4.77041e-05  -9.02928e-07  -1.32731e-05  -7.2129e-05  -8.04561e-05  -4.64458e-05  -0.000151666  -2.97383e-05  9.02242e-05  4.17562e-05  0.000111527  -0.000186967  5.53199e-05  2.7461e-05  -0.000158246  -0.000133864  -3.71642e-05  -0.000190721  9.24723e-05  0.000226696  4.6275e-05  7.72853e-05  2.49434e-05  0.000146434  -3.0832e-05  1.24605e-05  -0.000164666  0.00014245  1.949e-05  7.07373e-05  1.35407e-05  -0.00012094  -3.78326e-05  -1.80892e-05  -0.000115715  1.10764e-05  0.000151778  9.09829e-06  0.000118598  4.88551e-05  -1.59293e-05  -3.94837e-05  5.67834e-07  -8.97829e-05  3.44381e-05  0.000180545  -0.000133149  -8.47837e-05  -3.23846e-05  -7.93195e-05  3.91577e-06  0.000153916  2.98853e-05  2.15836e-05  5.76457e-05  -0.000131486  -6.77466e-05  -0.000136031  -0.000146257  -8.49015e-05  -3.85716e-05  -4.18054e-05  -2.76702e-05  3.6005e-05  -0.00011471  9.71687e-05  -2.84898e-05  0.000107197  0.000112221  0.000200318  0.000199092  -2.14081e-05  4.64608e-06  -2.35642e-05  6.19324e-05  5.49326e-06  -4.95219e-05  -0.000131025  -0.000137471  -0.000153921  2.3164e-05  5.79522e-05  0.000154087  5.56037e-05  -0.00013853  0.000147297  9.78879e-06  1.52731e-05  4.79076e-05  0.000124097  -0.000207389  6.13087e-05  -0.000185384
-0.00128574  -0.00104202  -0.00104358  0.000248172  0.0021325  0.00419025  0.012043  0.00316284  0.00125632  2.79749e-05  -3.71633e-06  -0.00112947  -0.00119809  -0.00124658  -0.00144001  -0.00144468  -0.00098596  -0.000381764  -1.32166e-05  0.000519102  0.000230547  0.000184182  -0.000102387  -4.43502e-06  0.000125598  0.000156725  0.000179677  -7.78303e-05  -2.50738e-05  -6.72443e-05  0.000113563  0.000120249  0.000108096  -2.062e-05  -0.000157621  -0.000118179  -0.0001029  4.55561e-05  -0.000136558  8.40467e-06  -4.62451e-05  -1.74696e-05  0.000238909  7.47697e-05  1.99619e-05  0.000243284  5.86352e-05  0.000108392  0.000226758  -1.916e-06  -2.6541e-05  -0.00012106  -0.000164831  -0.000233003  -0.00021808  -2.28854e-05  4.21612e-05  0.000181403  -3.77185e-06  0.000105603  0.000246681  1.24341e-05  -0.000186467  -0.000116425  -0.000231519  -0.000146383  8.802e-05  -2.68535e-05  -0.000122081  -6.80763e-05  0.000137845  0.000112687  0.000139937  -2.83637e-06  7.03003e-05  -5.54435e-05  -4.08379e-05  -4.58237e-05  -1.48196e-05  6.11301e-05  3.19306e-05  -0.000163683  0.000111773  4.77246e-06  4.36733e-05  6.12441e-06  7.09576e-05  4.51366e-07  -6.0051e-05  6.13528e-05  -8.00564e-05  2.19886e-05  8.60551e-05  -5.29012e-05  1.46393e-05  -7.62662e-05  -6.1777e-05  7.50549e-05  4.76254e-05  3.87415e-05  -7.3551e-05  -8.57997e-05  -2.33856e-05  2.05806e-05  -5.97161e-05  2.431e-05  -7.26531e-05  -2.50778e-06  1.5129e-06  3.00071e-05  -2.15452e-05  -0.000145286  7.79256e-05  2.36178e-05  0.000318798  -0.000125182  6.36556e-07  0.000193642  -8.44678e-05  1.69313e-05  -9.19151e-05  -0.000119981  -0.000272335  3.24678e-05  0.000119118  -3.68271e-05  1.93437e-05  8.36135e-05  -3.06967e-05  9.00881e-05  0.000111329  1.43369e-05  0.00013063  -1.42826e-05  -6.52326e-05  -1.17191e-05  -3.61934e-05  -0.000169119  -2.79172e-05  -6.99598e-05
-0.00171864  -0.00148232  -0.0013031  -0.000840944  0.00042081  0.00185679  0.00316284  0.00970488  0.00272266  0.00140197  0.000627968  -0.000602395  -0.000851807  -0.000981302  -0.00126009  -0.00142355  -0.00126618  -0.00110978  -0.000331016  0.000218066  0.000108783  0.00037176  0.000158969  0.000316519  0.000172635  0.000495068  0.000183864  -3.67218e-05  -0.000176619  -0.000173339  -1.12408e-05  -0.000225935  -1.63111e-06  -0.000157296  -5.21465e-05  -7.21424e-06  5.1613e-07  0.000112566  0.000118568  3.16351e-06  -9.32328e-05  -5.60694e-05  8.35085e-05  -9.63981e-05  0.000231312  0.000224369  -1.86608e-05  -2.99328e-05  9.26119e-05  3.75062e-05  -8.70616e-05  7.89333e-05  -8.90523e-05  -0.000190111  1.80471e-05  9.50253e-05  -3.1338e-05  0.000176458  -5.68955e-05  -0.000132904  0.000114542  -2.97508e-05  -8.02199e-05  -4.17771e-05  1.67065e-05  -6.73271e-05  -2.43035e-05  -2.0696e-05  -9.06228e-05  4.44697e-06  0.000106408  0.000114628  -8.44619e-05  4.47614e-05  0.000104261  -6.03242e-05  -1.12536e-07  -2.06031e-05  0.000134219  -9.99537e-06  5.96389e-05  -0.000149122  -1.15534e-05  -3.99361e-05  -8.25582e-06  -0.000112477  -1.00522e-05  -1.51748e-05  -6.85697e-05  8.46683e-05  5.31539e-05  2.58232e-05  8.01196e-05  2.92738e-05  5.26271e-05  2.24389e-05  -6.65102e-05  0.000126573  3.13523e-05  1.72219e-05  6.24842e-05  -2.63567e-05  1.1514e-05  -5.60231e-05  -1.66116e-05  -3.40439e-05  2.34577e-06  -6.03591e-05  -3.64377e-05  -4.55651e-05  5.13686e-05  -7.8893e-05  8.14222e-05  -5.88356e-05  0.000104459  -0.000176172  -0.000219079  -8.96047e-05  -5.39605e-05  7.91815e-05  9.10356e-06  7.70588e-05  0.000133524  6.72241e-05  0.000260615  -3.87035e-05  -7.32535e-05  0.000108536  2.56332e-05  -7.5203e-05  3.69518e-05  2.02226e-05  -3.09592e-05  2.23323e-05  -0.000130596  -0.000125767  -6.53104e-05  -0.000116828  2.94562e-05  5.16097e-05
-0.00217691  -0.00197302  -0.0013689  -0.000544318  0.000201233  0.000379678  0.00125632  0.00272266  0.00979984  0.00241703  0.00138727  -0.000381608  -0.000666562  -0.000981531  -0.000736034  -0.000700057  -0.000976879  -0.00138445  -0.000768069  -0.000216035  -9.39161e-05  0.000164849  -1.83047e-05  0.000208867  0.000322959  0.000304132  -3.26151e-05  1.77956e-05  9.11273e-05  -0.000147915  9.11258e-05  0.000137435  0.000150315  0.000130854  8.15395e-05  -6.95356e-05  -0.000271775  -4.66976e-05  2.43959e-05  -3.78602e-05  -4.11832e-05  3.0363e-05  -6.19133e-05  -6.61061e-05  2.86485e-05  -2.18681e-05  -8.45136e-05  -1.88822e-05  0.000100973  5.51565e-05  -0.000119236  6.13781e-05  -0.000174155  -0.000160409  -1.98573e-05  9.93983e-05  0.000128239  0.000151965  -6.45788e-06  3.1241e-07  -1.10874e-05  0.000131864  4.82761e-05  1.7505e-05  3.00615e-06  -4.4051e-07  -0.000106622  -7.6392e-05  -4.16761e-05  5.40457e-08  -7.90961e-07  5.93626e-05  9.4392e-05  6.03182e-05  -9.63021e-05  1.62023e-05  -8.37289e-05  -3.84941e-05  -4.27735e-06  -1.60395e-06  -0.000108509  4.48219e-05  -3.79811e-05  -7.46889e-05  -3.2275e-05  -7.94516e-05  0.000123757  3.46609e-05  -2.34176e-05  -2.98801e-05  8.51993e-05  -1.222e-05  0.000181202  3.44914e-05  0.000103902  -6.61793e-05  -9.73457e-05  4.52056e-05  -0.000153993  8.81057e-05  1.4995e-05  0.000141679  1.45712e-05  9.03382e-06  -3.61616e-05  -1.61646e-05  8.8088e-05  -3.29351e-06  2.64089e-05  -7.38762e-05  -0.000105275  -0.00026309  8.30943e-05  -0.000138312  8.97663e-05  -4.14319e-05  3.90724e-05  -6.68814e-05  -4.02517e-05  -1.81279e-05  0.000176292  -8.9413e-06  9.49856e-05  -5.95315e-07  9.9825e-05  8.52306e-05  -3.33918e-05  5.3033e-05  -5.79597e-05  -4.59701e-05  -0.000126564  7.01664e-05  0.000145331  -3.00745e-05  -9.78075e-05  -0.000133582  1.53842e-05  -5.56632e-05  8.68969e-05  -6.01346e-05
-0.00229041  -0.00210916  -0.00162433  -0.00127541  -0.000328689  -0.000519135  2.79749e-05  0.00140197  0.00241703  0.00912755  0.00290114  0.00117901  0.000387873  -0.000228985  -0.000814075  -0.00107026  -0.00131889  -0.0011557  -0.00101279  -0.000774562  -0.0001703  2.44274e-05  9.53221e-05  0.000255545  2.71907e-05  5.97877e-05  0.000133597  0.000229592  0.000129909  -7.35615e-05  8.28261e-05  0.000444067  -0.000114665  0.00020461  7.32599e-05  5.77511e-06  -0.000166144  -6.66886e-05  -7.64315e-05  -0.00013774  -0.000117301  -4.80371e-05  -2.50152e-05  -0.00024053  0.000112327  -2.96934e-05  -5.84015e-05  -2.52227e-05  8.73792e-05  -3.36312e-05  -0.000141115  -9.07244e-05  -5.16571e-05  -6.74692e-05  0.000148322  5.09006e-05  -8.24417e-05  0.000194977  0.000150713  -6.4404e-05  -5.96886e-05  0.000260221  8.04703e-05  5.79667e-05  0.000164919  -8.0525e-05  -6.67828e-05  -0.000118569  -0.00011524  -3.65265e-05  1.84293e-06  -2.60661e-05  5.81711e-06  5.66742e-05  0.000122032  -6.03503e-05  -0.000130353  3.45389e-05  -4.92508e-05  -5.88411e-05  1.48921e-06  -0.000105695  2.92663e-05  -4.56012e-05  9.00303e-05  -7.14228e-05  5.21404e-05  6.95519e-05  -0.000107848  0.000102156  8.39584e-05  6.81154e-05  7.7504e-05  -9.63701e-05  -1.65362e-05  -3.78117e-05  -0.000127459  -7.15163e-05  -8.25978e-05  3.58767e-05  0.00012559  0.000150085  0.000158979  7.42467e-05  1.68692e-05  4.00844e-05  9.32326e-05  -0.000186373  -0.000107247  -0.000118386  -0.000152321  -3.2821e-05  -5.91957e-06  1.17292e-05  -5.43281e-05  1.85425e-05  0.000125508  9.9794e-06  3.15469e-05  -3.19871e-05  -0.000108217  -7.53479e-05  0.00017009  9.35377e-05  9.48091e-05  4.55965e-05  4.38115e-05  2.86495e-05  -6.37399e-05  2.48953e-05  -8.64365e-05  -2.07885e-05  2.61109e-05  -9.28626e-05  1.81102e-05  -7.42277e-05  -0.000132646  4.05397e-05  6.19739e-05  8.69834e-06
-0.00244251  -0.0023101  -0.00235659  -0.00160457  -0.00119341  -0.000223953  -3.71633e-06  0.000627968  0.00138727  0.00290114  0.00798219  0.00198035  0.000543673  -2.40254e-05  -0.00063526  -0.000883795  -0.000857225  -0.00110813  -0.000786622  -0.000613875  -0.000658692  -8.58902e-05  7.54057e-05  0.000163562  0.00011336  7.09729e-05  0.000110806  8.31559e-05  0.000102295  7.98123e-05  0.000144391  0.000319509  -3.97581e-05  -6.04198e-05  3.7729e-05  -4.3956e-06  -0.000114114  -0.000149071  -6.32097e-05  -6.02697e-05  -0.000156709  -5.74129e-05  1.95088e-05  5.15752e-05  0.000140139  3.61727e-05  8.27588e-05  3.67232e-05  7.81701e-05  -7.69311e-05  -5.99692e-05  -6.84561e-05  -0.000204575  3.83994e-05  0.000141096  -6.43406e-05  -0.000137887  -2.84869e-05  0.000100907  0.000102395  -0.000124832  1.73872e-05  3.38572e-05  7.72049e-05  -1.73825e-05  0.000107247  9.03082e-05  1.68016e-05  -8.41549e-05  -6.21079e-05  -4.70103e-05  -0.000118472  -3.18848e-05  -3.47849e-05  1.06721e-05  8.43613e-06  -2.98586e-05  9.72256e-05  5.99261e-06  3.91885e-05  -1.91239e-05  -5.79607e-05  -3.93346e-05  6.54345e-05  8.76428e-05  -7.10592e-05  6.16173e-05  -0.000123577  -1.90518e-06  8.18514e-05  0.0001029  3.50112e-05  0.000105955  1.83654e-05  -7.52111e-05  -4.97598e-05  -0.000158866  9.10216e-05  -3.12473e-06  -0.000103259  1.15819e-05  -9.6816e-05  6.02662e-05  0.000113167  2.10516e-05  4.70654e-05  -5.80799e-06  -2.51196e-05  0.000119943  -0.000127053  -3.59229e-06  4.95393e-05  -8.37568e-05  -4.57601e-05  5.42651e-05  -5.66289e-05  3.03915e-05  6.50968e-06  0.00010379  -1.09298e-05  -9.95593e-05  2.61046e-05  -5.42512e-05  4.34729e-05  5.83717e-05  -3.47903e-05  6.08357e-05  -2.58299e-05  9.46465e-06  1.24034e-05  -1.15395e-05  -2.09133e-05  7.39782e-05  -3.21495e-05  3.84222e-06  -8.33836e-05  -0.000172217  -3.75625e-06  0.00013596  -5.9321e-05
-0.000252536  -0.00195996  -0.00192871  -0.00200361  -0.00226838  -0.00130163  -0.00112947  -0.000602395  -0.000381608  0.00117901  0.00198035  0.00773563  0.00212916  0.00107139  -0.00010819  -0.000185923  -0.000470732  -0.000886614  -0.00113358  -0.00115847  -0.00101714  -0.000940498  -8.00972e-05  7.91547e-05  0.000140423  0.000394633  0.000109361  0.000316338  0.000337561  0.000199069  -8.75228e-05  0.000119934  -0.000179183  0.000136309  -0.000150258  3.37445e-05  -3.51834e-05  -0.000169405  7.17638e-05  -5.47024e-05  2.72382e-05  4.08638e-05  -6.08842e-05  -0.00011898  6.15868e-05  7.14991e-05  2.023e-05  3.69279e-05  6.36805e-05  2.42681e-05  -0.000114388  7.47802e-05  -1.2353e-06  -0.000166616  4.04632e-05  5.27585e-05  -2.15826e-05  6.12367e-05  -0.000116913  -5.43383e-05  -1.80285e-06  -0.000143983  7.3552e-05  6.61915e-05  -6.24565e-05  -8.50343e-05  -4.20045e-05  -7.01501e-05  0.000218027  5.87692e-05  -0.000127309  7.27391e-05  8.06885e-06  0.000116679  7.42599e-05  -3.1627e-05  4.44408e-05  0.000140721  -7.56624e-05  5.81966e-05  -8.70772e-05  -6.23555e-05  -0.000142383  -4.38373e-05  -3.01901e-05  -5.60715e-08  -6.12695e-05  -1.85628e-05  -2.48237e-05  8.51838e-05  0.000154821  7.3241e-05  1.01299e-05  -8.87052e-05  3.68264e-05  -9.30287e-05  -7.0613e-05  1.6089e-05  3.23162e-05  -6.80458e-05  -4.29909e-05  5.3162e-05  9.47222e-05  -9.50384e-05  6.04124e-06  5.47848e-05  -2.54723e-05  1.52344e-05  2.34484e-05  6.60255e-05  -1.43082e-07  0.000106648  5.33996e-05  -1.53644e-05  -6.9891e-05  -8.14123e-05  -4.72361e-05  -2.58746e-05  2.23467e-05  -1.65906e-06  5.90517e-05  4.15193e-05  1.30075e-05  5.8886e-05  -5.48497e-05  -3.59028e-07  -0.000125791  4.99623e-05  3.55381e-06  -1.77557e-05  -3.68018e-05  0.000111869  -6.72979e-05  -1.79386e-05  4.90415e-05  -3.63085e-05  -2.67768e-05  0.000161793  -7.25715e-05  -2.97655e-05
1.71546e-05  -0.000560645  -0.00197063  -0.00140682  -0.00183154  -0.00135134  -0.00119809  -0.000851807  -0.000666562  0.000387873  0.000543673  0.00212916  0.00671225  0.00154354  0.000608503  -0.000247073  -0.000250897  -0.000424081  -0.000822108  -0.000820319  -0.000782454  -0.000906991  -0.000218451  -0.000130536  0.00020528  0.0001027  0.000205407  2.3851e-05  0.000169111  5.74304e-05  -0.000109883  -5.63424e-05  -0.000129191  0.000129986  -9.48667e-05  0.000163129  6.84686e-05  -0.000181793  -1.29177e-05  -0.000118781  2.27856e-05  -1.04267e-05  -0.000180109  9.28571e-06  6.68741e-05  5.56186e-05  -2.03264e-05  6.36863e-05  9.07382e-05  7.87774e-05  6.86048e-05  1.66776e-05  5.88416e-05  6.18438e-05  8.72424e-05  -1.48439e-05  -3.14217e-05  -0.000120996  -4.81057e-05  4.03331e-05  5.49607e-06  -7.61381e-06  5.03612e-05  -4.06822e-05  -3.80117e-05  -8.48178e-05  -6.00919e-05  -0.000181121  5.86386e-05  2.54696e-05  6.21497e-05  -2.00735e-06  -8.85858e-06  8.35266e-05  5.83212e-05  3.65773e-05  6.91274e-05  1.80702e-05  3.50799e-05  2.65751e-05  -0.00011543  -8.28387e-05  -4.69405e-06  -6.32943e-05  2.01096e-05  3.87144e-05  2.71857e-06  -3.08052e-05  -8.94908e-05  3.16842e-06  -4.93979e-06  -3.96994e-05  0.000126276  1.79977e-05  0.000109285  2.91145e-06  -3.86444e-05  -7.91439e-06  -1.90848e-05  1.67702e-05  -6.18527e-05  -9.94501e-05  5.29311e-05  3.76837e-06  2.02637e-05  3.83525e-05  4.45705e-06  -5.95499e-05  -2.98006e-05  2.09401e-06  0.000134182  -6.50117e-06  -2.51556e-05  -6.01964e-05  -7.13268e-05  -1.12862e-05  -3.78739e-05  -4.82269e-05  -7.83066e-05  -1.86895e-05  -1.43747e-05  4.54454e-05  9.16888e-05  3.29919e-06  4.08282e-05  3.65634e-05  0.000107396  4.83749e-05  4.66813e-05  1.35633e-07  -2.41612e-05  6.24462e-05  -0.000125463  -7.63837e-05  -1.10181e-05  6.0786e-05  -0.000202532  0.000126455  -6.16941e-05  0.000130044
0.000274029  0.000689174  -0.000285027  -0.000954896  -0.00169116  -0.00114555  -0.00124658  -0.000981302  -0.000981531  -0.000228985  -2.40254e-05  0.00107139  0.00154354  0.00592359  0.00142939  0.000420606  3.51323e-05  -0.000256239  -0.000493041  -0.000412085  -0.000591432  -0.000764662  -0.000630783  -0.000375162  -1.03697e-05  0.000152257  -0.000130056  2.56864e-05  -1.35164e-05  0.000274189  -1.92573e-05  -4.02412e-05  -0.000144111  5.25971e-05  -0.000122023  5.46212e-05  -8.64274e-05  3.71577e-05  -8.04915e-05  -2.3757e-05  5.15032e-05  0.000168964  -4.52833e-05  3.93276e-05  6.25761e-05  -0.000139008  8.7893e-05  -2.84355e-05  3.43525e-05  7.04454e-05  2.51702e-05  0.000113123  -5.62298e-05  3.52778e-05  4.96783e-05  -8.86309e-05  -0.000130678  -0.000144784  -2.09151e-05  0.000117063  9.64328e-06  4.58608e-05  0.000106143  0.000126715  5.38575e-05  -3.17385e-05  8.60898e-05  -0.000156714  -0.000131422  -1.45782e-05  3.8489e-05  -3.23162e-05  -3.84661e-05  5.86929e-05  -5.45235e-05  0.000103488  2.83358e-05  -5.51727e-05  1.62302e-05  8.75335e-06  7.50117e-06  -4.67773e-06  -3.24527e-05  -9.30771e-06  -4.347e-05  4.54502e-05  -1.85624e-05  -1.55135e-05  -7.02364e-05  -7.34786e-06  -2.87098e-05  -9.90864e-05  8.78713e-06  0.000136313  4.06189e-05  6.70631e-05  -7.63099e-05  2.65905e-05  1.11919e-05  -5.45981e-05  7.85973e-05  -4.93724e-05  8.81423e-05  6.7767e-06  -0.000102414  5.20125e-06  1.14725e-05  1.58097e-05  -1.91399e-05  -5.31478e-06  0.000122058  5.94847e-06  -3.12053e-05  -2.81994e-05  -0.000103396  -2.11109e-05  3.33477e-05  5.57898e-05  1.75244e-05  -3.76419e-06  4.75042e-06  1.05757e-05  3.16385e-05  -2.20232e-05  -5.69132e-05  -2.00646e-05  -0.000109695  -8.52896e-05  -2.80504e-05  4.15534e-06  6.24932e-05  8.91786e-05  8.77431e-05  -3.50735e-05  0.000136711  -0.000116367  2.34743e-05  9.37961e-05  -2.74732e-05  8.06946e-05
0.000360154  0.000398944  -0.000267258  -0.000271549  -0.00137616  -0.00135961  -0.00144001  -0.00126009  -0.000736034  -0.000814075  -0.00063526  -0.00010819  0.000608503  0.00142939  0.00658198  0.00160738  0.000359698  0.00012274  -0.000197958  -0.000376227  -0.000456078  -0.000493134  -0.000610624  -0.000553441  -0.000742799  -9.79028e-05  2.7059e-05  -0.000192605  5.10438e-05  0.000134219  -0.000230117  -1.04321e-05  6.1088e-05  -0.000173262  2.56402e-05  9.99623e-05  1.21365e-05  4.65503e-05  0.000184443  1.31413e-05  6.45099e-05  5.09494e-05  7.10249e-05  -1.9283e-05  0.000164385  -0.000102978  3.79201e-05  -2.16616e-05  -0.0001959  -4.98147e-05  8.49036e-06  -7.22652e-06  5.91782e-05  3.91914e-05  5.30402e-05  -1.71911e-05  6.18671e-06  -3.88496e-05  0.000108912  3.19165e-05  -2.85111e-06  -8.13994e-05  -2.56764e-05  -5.13671e-05  -4.96973e-05  -6.0248e-07  -9.72793e-05  4.34832e-05  6.10565e-05  8.63729e-05  1.77482e-05  8.90496e-06  2.68656e-05  3.35494e-05  -0.000124043  8.56367e-05  6.2586e-05  -4.27805e-05  7.57379e-05  -0.000101481  -4.82021e-05  -5.75492e-05  -6.27924e-06  -6.90135e-05  -6.20158e-05  4.1179e-06  -4.51793e-05  7.22439e-06  5.62524e-05  8.11539e-05  6.32359e-06  7.56022e-05  -2.06924e-06  9.95627e-05  8.72964e-05  2.95216e-05  -3.05294e-05  -2.15295e-05  4.86527e-06  -8.44723e-05  -9.83397e-05  -0.000122894  -6.58265e-05  -9.80363e-06  3.38192e-05  -2.13702e-05  9.78044e-05  0.000103125  5.87143e-07  4.46374e-05  1.60071e-05  2.95312e-05  -0.000103843  -4.88582e-05  -7.79487e-05  -2.49601e-05  5.95891e-05  4.68364e-05  9.4843e-05  6.59021e-05  -2.88911e-05  -1.57785e-05  -4.42789e-06  -0.000157814  -1.65944e-05  3.37952e-05  -1.87702e-05  -6.13764e-05  -2.72872e-05  3.21451e-05  -1.84321e-06  0.000141184  -5.11405e-05  1.85322e-05  -3.4929e-05  4.35613e-05  0.000119737  -3.93487e-05  1.1856e-05  4.36713e-05
0.00054985  0.000202641  0.000397736  0.000334026  -0.000362117  -0.00130905  -0.00144468  -0.00142355  -0.000700057  -0.00107026  -0.000883795  -0.000185923  -0.000247073  0.000420606  0.00160738  0.00492357  0.00140687  0.000746559  0.000127894  -0.000609578  -0.000568365  -0.000504071  -0.000490933  -0.000397629  -0.000499678  -0.000403549  -1.37961e-05  -9.10963e-05  6.72393e-05  0.00011316  -9.50799e-05  2.75488e-05  5.37509e-06  -0.000114457  -7.31161e-05  0.0001049  5.30353e-05  0.000146535  0.000124524  9.66011e-05  0.000186244  -2.26576e-05  -8.9838e-05  9.30443e-06  -0.000105518  -0.000111429  6.91019e-05  0.000170499  -8.74535e-05  0.000151358  -0.000151777  -7.01696e-05  -7.18211e-05  -2.8216e-05  -6.00839e-05  -3.10642e-05  8.61184e-05  -3.1873e-05  -7.24974e-07  4.20757e-05  -2.51782e-05  9.77882e-05  2.35977e-05  -2.54645e-05  8.21509e-05  5.39267e-05  -7.85178e-05  -2.36851e-05  4.52107e-05  -6.94219e-05  2.44592e-05  -1.35957e-05  3.88776e-05  1.25871e-05  -0.000134909  5.30405e-05  6.95825e-05  1.39045e-05  0.000149085  1.94973e-05  -1.25863e-05  -6.01532e-05  -7.87711e-05  -4.05983e-05  2.54042e-05  -9.84621e-05  -1.16324e-05  4.29653e-05  7.69846e-05  -6.2123e-06  4.0995e-05  6.44011e-05  -0.000106849  8.8166e-05  -2.02313e-05  -1.99929e-05  2.47087e-05  -2.5054e-05  -0.000123796  -6.68551e-05  -9.74334e-05  -7.55982e-05  0.000119998  -9.73681e-07  7.25515e-05  -2.29932e-05  -2.14816e-05  7.48998e-05  5.2731e-05  1.6636e-07  1.2862e-05  7.5844e-05  2.86798e-05  4.17704e-05  -0.000137088  5.61452e-05  3.05057e-05  -2.46894e-05  -1.1085e-05  1.19579e-05  4.38526e-05  5.08231e-05  -1.88296e-05  -8.80592e-06  -7.66396e-06  -2.3587e-05  1.22285e-05  -0.000142226  -2.72184e-05  -3.82671e-05  -2.38831e-05  0.000105955  4.08996e-05  5.94452e-06  6.99806e-05  -7.1942e-06  5.72538e-05  -0.000104049  8.43525e-06  -3.86029e-05
0.000837204  0.000532781  0.00051582  0.000353853  -0.00014461  -0.000416332  -0.00098596  -0.00126618  -0.000976879  -0.00131889  -0.000857225  -0.000470732  -0.000250897  3.51323e-05  0.000359698  0.00140687  0.0046638  0.00130541  0.000462718  -0.000270154  -0.000374394  -0.00024622  -0.000301617  -0.000632498  -0.00057107  -0.000729405  -0.000581252  -0.000154783  -7.95205e-05  0.000100386  -3.02473e-06  0.000256104  0.000166071  9.93048e-05  2.99535e-05  3.90558e-05  0.000155811  -5.79499e-05  9.20311e-05  5.99157e-05  -6.4665e-08  -4.17827e-05  -9.0349e-05  -3.58172e-05  -6.79384e-05  -9.48772e-05  4.77597e-05  7.3356e-05  -3.78846e-05  7.4823e-05  -4.16051e-05  9.7139e-05  1.09171e-05  9.79568e-05  6.93179e-05  -0.000108621  6.67502e-05  -6.14501e-05  1.67424e-05  -0.000147383  -5.62549e-05  -6.11549e-05  -2.95786e-05  3.74633e-05  1.7407e-05  7.04342e-05  4.77137e-05  5.97451e-05  4.61894e-07  -2.20274e-05  4.72651e-05  -6.92875e-05  -0.000147768  -9.65768e-05  -7.28774e-05  2.49698e-05  -3.29299e-05  -8.45367e-06  0.00014718  0.000128878  -1.17041e-05  6.47967e-05  -4.14413e-05  6.77238e-05  1.83397e-05  2.06067e-05  5.91077e-05  -5.26284e-05  0.000122785  -1.80114e-05  -1.02004e-05  -0.000160406  -0.000120427  -2.83542e-05  6.88462e-06  6.51133e-05  0.000123521  -1.55389e-05  -8.01725e-05  -2.84182e-05  -3.51577e-05  -1.45912e-05  -6.93797e-05  -1.82792e-05  3.62109e-05  -7.08381e-05  -5.24624e-05  2.56541e-05  5.61326e-05  0.000129065  -6.29702e-05  7.88416e-05  9.29066e-05  8.15686e-05  -4.81794e-07  2.79859e-05  -5.96935e-05  -5.659e-05  -9.30326e-05  2.4457e-05  6.52751e-05  1.7292e-05  -1.74527e-05  4.30564e-06  2.77652e-05  -2.5332e-05  -5.27098e-07  -9.47658e-05  -2.96058e-05  5.5887e-05  -7.00428e-05  -2.13907e-05  -1.2084e-05  6.67785e-05  0.00017337  5.11699e-05  -1.76363e-05  -1.97163e-06  -7.6937e-05  -4.59748e-05
0.000623246  0.000266808  0.000354045  1.09681e-05  3.3028e-05  -8.91021e-05  -0.000381764  -0.00110978  -0.00138445  -0.0011557  -0.00110813  -0.000886614  -0.000424081  -0.000256239  0.00012274  0.000746559  0.00130541  0.004473  0.000860869  8.02837e-05  -5.56444e-05  -0.000351938  -0.000396256  -0.000642676  -0.00045341  -0.000683837  -0.000325747  -0.000403436  0.000137744  0.000174552  0.000306677  0.000133602  -2.79165e-05  -0.000113907  -9.98755e-05  -7.27631e-05  -5.44173e-05  5.48508e-05  -3.76692e-05  4.84304e-05  -9.43965e-05  5.45027e-05  4.62103e-05  8.64778e-05  -0.000103711  5.90411e-06  -9.56606e-06  5.10378e-05  -4.87067e-05  -5.01312e-05  2.58383e-05  0.000102276  6.60812e-05  0.000124844  -4.92593e-05  -1.59996e-05  8.91414e-06  -9.31017e-05  -1.72281e-05  1.44538e-05  -6.29881e-06  -2.08007e-05  -1.55783e-05  3.75264e-05  9.2328e-05  7.49612e-05  -7.16359e-05  6.33207e-05  -2.34954e-05  -2.91003e-05  -1.69466e-05  -8.72133e-05  -2.85072e-05  -0.000103395  -5.80131e-05  -1.21289e-05  -2.01601e-05  6.86186e-05  2.64635e-05  8.49459e-05  7.47311e-05  4.87097e-05  8.07866e-05  -2.64462e-05  3.73943e-05  7.67287e-05  3.79132e-05  -5.89885e-05  -4.4371e-06  -6.27169e-05  -0.000128979  -4.13562e-05  -0.000105637  -8.11368e-05  2.17154e-05  -4.28961e-05  8.50593e-05  -8.12768e-05  5.08589e-05  0.000124921  4.41103e-05  -5.41806e-05  -6.61299e-05  -4.51479e-06  5.93376e-05  4.94588e-06  2.73521e-05  5.78118e-05  -5.11118e-05  6.71547e-05  6.64069e-05  7.29463e-05  -2.59132e-05  8.65538e-06  3.26786e-05  -2.79637e-05  -2.94913e-05  -1.18437e-05  -0.000110708  1.01201e-05  -3.31018e-05  6.78143e-05  5.82945e-06  -3.43688e-05  -2.25486e-05  -1.16266e-05  4.5176e-05  -7.16191e-05  -4.36036e-05  -4.35207e-05  -2.08064e-05  1.44692e-05  2.41816e-05  7.54219e-05  0.000130292  6.78157e-05  8.3018e-05  4.36567e-05  -0.00012984  -2.91054e-05
0.000506515  0.000336919  0.000515727  0.000677622  0.000310845  9.42154e-05  -1.32166e-05  -0.000331016  -0.000768069  -0.00101279  -0.000786622  -0.00113358  -0.000822108  -0.000493041  -0.000197958  0.000127894  0.000462718  0.000860869  0.00407505  0.00090649  0.000452664  2.57482e-05  -0.00021083  -0.000494938  -0.000476208  -0.00054069  -0.00036432  -0.000425451  -0.000330758  -2.42444e-06  -2.41668e-05  -0.000168187  4.509e-05  4.06577e-05  -1.40354e-05  5.39433e-05  5.96236e-05  6.18248e-05  7.38028e-05  0.000122089  0.000158659  -3.12218e-05  4.53439e-05  8.29114e-05  4.15743e-06  -7.60347e-05  -0.00010175  -0.000102903  4.25874e-05  2.96952e-05  3.07155e-05  -3.84908e-05  -9.99461e-05  -6.69442e-05  -1.75346e-05  6.2586e-06  -6.79686e-06  3.79384e-05  1.47421e-05  8.84786e-05  6.87084e-05  6.55793e-06  1.43002e-05  3.9382e-05  -9.64414e-05  -3.79774e-05  1.2276e-05  6.51467e-05  5.29599e-05  -3.72574e-05  1.0355e-05  -2.54976e-05  -8.61365e-05  -4.72689e-05  -1.62526e-05  -4.32077e-05  -4.91585e-05  2.34826e-05  0.000120472  5.05023e-05  6.27834e-05  8.98318e-05  -3.30171e-05  4.40345e-05  -0.000105452  -2.44199e-05  -8.47175e-05  -1.97218e-05  2.5147e-05  1.62949e-05  3.71147e-05  -2.62725e-05  3.6806e-05  -2.59724e-05  1.66105e-06  8.8795e-05  5.12115e-05  -8.34824e-06  -4.28406e-06  -9.65502e-05  -1.05162e-05  2.73375e-05  -7.25216e-05  3.86637e-05  -9.59266e-06  -3.16953e-05  -2.78652e-05  2.0714e-05  -1.63324e-05  3.35966e-05  -2.77344e-05  -4.95935e-05  2.53737e-05  9.81012e-06  -4.40142e-05  7.46799e-06  0.000101416  1.18746e-05  0.000119831  2.99294e-05  8.2672e-05  -4.08342e-05  4.72499e-06  -3.03913e-05  -8.08243e-05  -3.24319e-05  -7.55685e-06  -1.8017e-05  4.55645e-05  2.83046e-05  -4.6506e-05  -6.31682e-05  -4.08167e-05  -6.3429e-05  -1.52048e-05  -2.2014e-05  1.92687e-06  -4.65544e-05  8.51375e-05  7.22122e-05
-0.000168312  0.000124098  0.000425708  0.000142002  0.000377421  0.000148053  0.000519102  0.000218066  -0.000216035  -0.000774562  -0.000613875  -0.00115847  -0.000820319  -0.000412085  -0.000376227  -0.000609578  -0.000270154  8.02837e-05  0.00090649  0.00349005  0.000791162  0.000309874  -8.67118e-05  -0.000201506  -0.000276037  -0.000328679  -0.000407231  -0.000551583  -0.000517026  -0.000425845  -3.19033e-05  -3.22294e-05  0.000115766  0.00013628  0.000309538  9.88318e-05  6.31689e-05  1.33821e-05  1.71524e-05  -7.61022e-06  8.66087e-06  1.25002e-05  9.74554e-05  -3.09174e-05  -5.97547e-05  2.23807e-05  3.14546e-05  4.02499e-05  -8.14935e-06  2.33004e-05  4.49747e-05  -1.64111e-06  3.38007e-06  -3.13254e-05  -1.83878e-05  -8.98985e-05  -0.000173243  -0.000157596  7.68913e-05  9.92849e-05  2.44583e-05  8.88348e-06  -1.61836e-05  0.000128817  7.34856e-05  4.75921e-05  3.241e-05  -5.17075e-05  -0.000183021  5.98779e-06  -2.25024e-05  -4.28237e-05  4.56958e-06  -8.79183e-06  -1.21036e-05  -6.54237e-05  -2.02708e-05  5.29472e-05  2.22043e-05  2.23755e-05  9.772e-05  2.71848e-05  -9.13749e-06  4.78681e-05  -3.36216e-05  -2.43111e-05  3.18517e-05  -6.11838e-05  7.39544e-05  -1.7689e-05  3.3138e-05  -3.08933e-05  -7.04248e-05  -3.27764e-05  2.81283e-05  2.92663e-05  2.1449e-05  1.97575e-05  1.02323e-05  4.57059e-05  2.40628e-06  4.77615e-05  -8.70842e-05  -5.44386e-06  2.41851e-05  3.46103e-05  4.84011e-05  -1.73803e-05  -4.74331e-05  -4.27427e-05  -4.53519e-05  -3.71571e-05  -7.32207e-05  -6.64248e-05  -3.63366e-05  5.10462e-05  7.15108e-05  8.91981e-05  2.22843e-05  2.00711e-06  5.38349e-05  -3.7611e-05  3.02321e-06  3.78952e-05  4.37097e-05  8.07087e-05  0.000104757  -6.71944e-05  -4.6337e-05  -0.000120371  2.2068e-05  -1.55924e-05  -8.16088e-05  -3.4373e-05  -8.15984e-05  9.51119e-06  -7.32211e-06  7.77231e-05  -1.92591e-05  5.2568e-05
-0.000154399  0.000342729  0.000122525  0.000275872  0.000116651  0.000255563  0.000230547  0.000108783  -9.39161e-05  -0.0001703  -0.000658692  -0.00101714  -0.000782454  -0.000591432  -0.000456078  -0.000568365  -0.000374394  -5.56444e-05  0.000452664  0.000791162  0.00335343  0.000860546  0.000362076  -0.000138551  -0.000380538  -0.000540587  -0.000509864  -0.000502925  -0.000600618  -0.000369828  -0.000350608  5.94444e-06  9.54124e-05  0.000159413  0.00018147  0.000196006  0.0001231  7.01862e-05  -1.8123e-05  5.80115e-07  4.21211e-05  4.06023e-05  -3.75208e-05  -8.95382e-05  -0.000102318  -7.44354e-06  6.32037e-05  2.68987e-05  3.85243e-05  -2.50727e-06  1.18419e-05  -0.000103986  0.000131942  -1.07995e-05  -3.99449e-06  -5.62567e-05  -3.27694e-06  -2.98192e-05  -4.81899e-05  4.74525e-05  3.62276e-05  0.000118015  -3.25386e-05  -3.878e-05  -4.21997e-05  -1.39822e-05  -0.000167017  -2.04945e-05  -3.21366e-05  0.000118838  7.4828e-05  6.7208e-05  0.000109686  5.16014e-05  2.177e-05  -6.92297e-05  -2.19262e-05  -7.61456e-05  -4.00659e-05  -7.24304e-05  -5.3955e-05  -4.53204e-05  -6.17547e-06  -9.60413e-06  9.79547e-05  0.000101577  -4.16165e-05  5.1816e-05  2.92055e-05  6.64761e-05  -1.01609e-05  -3.60934e-05  -3.3049e-05  -4.48768e-06  -1.35579e-05  -2.96123e-05  0.000103052  -5.68393e-05  9.40727e-06  2.35479e-05  -1.57325e-05  -5.21536e-05  9.79975e-06  -1.99275e-05  9.18897e-05  -8.40699e-06  -1.63739e-05  -5.39116e-05  -9.57779e-05  1.73635e-06  -1.09105e-05  1.18745e-06  4.90023e-05  5.83906e-05  4.09413e-05  5.40399e-05  6.43639e-05  -3.5289e-05  -5.89861e-05  -2.85972e-05  -3.48257e-05  -0.000111993  7.13327e-05  -1.7401e-06  -2.72156e-05  -5.41124e-05  6.70501e-05  8.35211e-06  -3.02258e-05  7.36021e-05  7.55019e-05  -2.82368e-05  -4.06281e-06  -4.42444e-05  -0.000154812  7.33554e-05  -1.26453e-05  -2.62566e-05  7.60409e-05  4.51924e-05
