   9.048e-06   6.55505e-06   4.60735e-06   3.70916e-06   2.87651e-06   2.25125e-06   1.60194e-06   1.27097e-06   9.57017e-07   6.24314e-07    5.7687e-07   4.11552e-07   3.30356e-07   2.54124e-07   1.28455e-07   3.97407e-08  -6.30867e-08  -7.36226e-08  -7.42086e-08  -1.68673e-08   4.64526e-08   3.54444e-08  -4.74762e-08  -1.83613e-08  -3.26988e-08
 6.55505e-06   6.49645e-06   4.94591e-06   3.95341e-06   3.08911e-06   2.38325e-06   1.75158e-06   1.42171e-06   1.10203e-06   8.34979e-07   7.01203e-07   5.09582e-07   3.98406e-07   2.94952e-07   1.53366e-07   3.60793e-08  -6.58572e-08  -5.01905e-08   -1.0023e-07  -1.48804e-08   3.30437e-08    1.4431e-08  -7.41137e-08  -8.94734e-08  -1.08924e-07
 4.60735e-06   4.94591e-06   4.98635e-06   4.00553e-06   3.13934e-06   2.45387e-06   1.86501e-06   1.53416e-06   1.18352e-06   8.55835e-07   6.46479e-07   4.38609e-07   4.00844e-07   3.38668e-07   2.23508e-07    7.7197e-08    1.1363e-08   4.30168e-09  -4.47369e-08   8.69605e-09    4.9726e-08   4.01756e-09  -7.27842e-08  -1.00453e-07  -1.39259e-07
 3.70916e-06   3.95341e-06   4.00553e-06   4.28858e-06   3.40626e-06   2.69783e-06   2.05001e-06   1.61072e-06   1.20188e-06   8.03612e-07   6.44041e-07   4.85074e-07   4.14939e-07   3.31847e-07   2.06467e-07    8.9142e-08   3.72237e-08   4.24332e-08  -1.78516e-08   1.25151e-08   3.85649e-08  -8.80858e-09  -7.25825e-08  -4.65416e-08  -6.27908e-08
 2.87651e-06   3.08911e-06   3.13934e-06   3.40626e-06   3.63684e-06   2.94088e-06   2.26916e-06    1.7653e-06   1.30145e-06   9.55331e-07    7.9867e-07    5.9962e-07    4.6373e-07   3.35613e-07   1.61259e-07   1.66833e-08   2.36144e-10  -4.26948e-09  -5.03242e-08  -4.06094e-08  -6.39326e-09  -1.59621e-08  -7.32118e-08    -3.206e-08  -1.84459e-08
 2.25125e-06   2.38325e-06   2.45387e-06   2.69783e-06   2.94088e-06   2.93813e-06   2.34412e-06   1.85252e-06   1.36093e-06   1.03446e-06   9.03093e-07   6.75934e-07   5.02795e-07   3.61185e-07   2.03029e-07   6.18337e-08   6.08264e-08   4.01788e-08  -8.86213e-09  -9.82089e-09   1.28122e-08  -2.50838e-08   -8.5453e-08  -3.64553e-08  -1.61492e-08
 1.60194e-06   1.75158e-06   1.86501e-06   2.05001e-06   2.26916e-06   2.34412e-06   2.44111e-06   2.01344e-06   1.54033e-06   1.18925e-06   1.00114e-06   7.50079e-07   5.32601e-07   3.67798e-07   2.14768e-07   9.53916e-08   6.96455e-08   4.08233e-08   2.82645e-09  -1.02093e-08   1.04774e-08  -5.81489e-09   -9.4171e-08  -6.49824e-08  -4.12053e-08
 1.27097e-06   1.42171e-06   1.53416e-06   1.61072e-06    1.7653e-06   1.85252e-06   2.01344e-06   2.09343e-06   1.64588e-06   1.30127e-06   1.05899e-06   7.98722e-07   5.75883e-07   4.13063e-07   2.83427e-07   1.80052e-07   1.40375e-07   9.64724e-08   5.98035e-08   2.43412e-08   2.83561e-08   1.40118e-08  -7.38356e-08  -3.79124e-08  -3.83329e-08
 9.57017e-07   1.10203e-06   1.18352e-06   1.20188e-06   1.30145e-06   1.36093e-06   1.54033e-06   1.64588e-06   1.66635e-06   1.36962e-06   1.13415e-06   8.31921e-07   6.20237e-07   4.47238e-07   3.00038e-07   2.04291e-07   1.56921e-07   9.56857e-08   5.09146e-08   1.16323e-08   6.90725e-09  -6.55364e-09  -8.53409e-08  -6.68425e-08  -6.12785e-08
 6.24314e-07   8.34979e-07   8.55835e-07   8.03612e-07   9.55331e-07   1.03446e-06   1.18925e-06   1.30127e-06   1.36962e-06    1.3967e-06   1.17965e-06   8.77601e-07   6.42258e-07    4.5259e-07    3.0967e-07   2.18763e-07   1.74721e-07   1.24658e-07   8.52814e-08   4.58612e-08   1.28428e-08  -9.07084e-09     -6.77e-08  -5.67428e-08  -6.01796e-08
  5.7687e-07   7.01203e-07   6.46479e-07   6.44041e-07    7.9867e-07   9.03093e-07   1.00114e-06   1.05899e-06   1.13415e-06   1.17965e-06   1.22556e-06   9.54655e-07   7.20582e-07   5.08696e-07   3.60115e-07   2.60247e-07   1.96168e-07   1.33657e-07   8.05349e-08   4.22464e-08   1.92151e-08  -1.22864e-08  -5.31471e-08  -2.62917e-08  -3.38223e-08
 4.11552e-07   5.09582e-07   4.38609e-07   4.85074e-07    5.9962e-07   6.75934e-07   7.50079e-07   7.98722e-07   8.31921e-07   8.77601e-07   9.54655e-07   9.67865e-07   7.53591e-07    5.4485e-07    4.1156e-07   3.11891e-07   2.28282e-07   1.53176e-07   9.84261e-08   4.98409e-08   1.61856e-08  -3.05001e-08   -5.7969e-08  -3.62403e-08  -3.41699e-08
 3.30356e-07   3.98406e-07   4.00844e-07   4.14939e-07    4.6373e-07   5.02795e-07   5.32601e-07   5.75883e-07   6.20237e-07   6.42258e-07   7.20582e-07   7.53591e-07   8.10735e-07    6.2698e-07   4.67418e-07   3.55917e-07   2.85086e-07   1.94128e-07   1.34259e-07   1.02524e-07   5.41251e-08  -6.16383e-09  -3.56053e-08   -2.3221e-08  -3.20868e-08
 2.54124e-07   2.94952e-07   3.38668e-07   3.31847e-07   3.35613e-07   3.61185e-07   3.67798e-07   4.13063e-07   4.47238e-07    4.5259e-07   5.08696e-07    5.4485e-07    6.2698e-07   6.86375e-07   5.49977e-07   4.04605e-07   3.18433e-07   2.33446e-07   1.79051e-07    1.5526e-07   9.26662e-08    3.5065e-08   7.72639e-09  -6.42685e-09  -2.25037e-08
 1.28455e-07   1.53366e-07   2.23508e-07   2.06467e-07   1.61259e-07   2.03029e-07   2.14768e-07   2.83427e-07   3.00038e-07    3.0967e-07   3.60115e-07    4.1156e-07   4.67418e-07   5.49977e-07    6.1999e-07   4.97123e-07   3.98071e-07   2.97775e-07   2.34551e-07   1.95422e-07   1.28473e-07   8.12635e-08   5.15102e-08   2.81944e-08   1.98562e-09
 3.97407e-08   3.60793e-08    7.7197e-08    8.9142e-08   1.66833e-08   6.18337e-08   9.53916e-08   1.80052e-07   2.04291e-07   2.18763e-07   2.60247e-07   3.11891e-07   3.55917e-07   4.04605e-07   4.97123e-07    5.7088e-07   4.66345e-07   3.64281e-07   2.87486e-07   2.37277e-07   1.56951e-07   1.11119e-07   7.35397e-08   4.73255e-08   1.53063e-08
-6.30867e-08  -6.58572e-08    1.1363e-08   3.72237e-08   2.36144e-10   6.08264e-08   6.96455e-08   1.40375e-07   1.56921e-07   1.74721e-07   1.96168e-07   2.28282e-07   2.85086e-07   3.18433e-07   3.98071e-07   4.66345e-07   5.28436e-07   4.32649e-07    3.4342e-07   2.69805e-07   1.75616e-07   1.38626e-07   1.10386e-07   6.60013e-08   3.70164e-08
-7.36226e-08  -5.01905e-08   4.30168e-09   4.24332e-08  -4.26948e-09   4.01788e-08   4.08233e-08   9.64724e-08   9.56857e-08   1.24658e-07   1.33657e-07   1.53176e-07   1.94128e-07   2.33446e-07   2.97775e-07   3.64281e-07   4.32649e-07   4.76554e-07   4.09869e-07   3.39144e-07   2.33932e-07   1.85781e-07   1.46931e-07   9.42001e-08   5.94098e-08
-7.42086e-08   -1.0023e-07  -4.47369e-08  -1.78516e-08  -5.03242e-08  -8.86213e-09   2.82645e-09   5.98035e-08   5.09146e-08   8.52814e-08   8.05349e-08   9.84261e-08   1.34259e-07   1.79051e-07   2.34551e-07   2.87486e-07    3.4342e-07   4.09869e-07    4.6628e-07   3.92777e-07   2.77256e-07   2.12814e-07   1.78588e-07   1.14198e-07   7.29888e-08
-1.68673e-08  -1.48804e-08   8.69605e-09   1.25151e-08  -4.06094e-08  -9.82089e-09  -1.02093e-08   2.43412e-08   1.16323e-08   4.58612e-08   4.22464e-08   4.98409e-08   1.02524e-07    1.5526e-07   1.95422e-07   2.37277e-07   2.69805e-07   3.39144e-07   3.92777e-07   4.47812e-07    3.4795e-07   2.69732e-07    2.2005e-07   1.43007e-07   9.41641e-08
 4.64526e-08   3.30437e-08    4.9726e-08   3.85649e-08  -6.39326e-09   1.28122e-08   1.04774e-08   2.83561e-08   6.90725e-09   1.28428e-08   1.92151e-08   1.61856e-08   5.41251e-08   9.26662e-08   1.28473e-07   1.56951e-07   1.75616e-07   2.33932e-07   2.77256e-07    3.4795e-07   3.80082e-07   3.23776e-07    2.7206e-07   1.96598e-07   1.35776e-07
 3.54444e-08    1.4431e-08   4.01756e-09  -8.80858e-09  -1.59621e-08  -2.50838e-08  -5.81489e-09   1.40118e-08  -6.55364e-09  -9.07084e-09  -1.22864e-08  -3.05001e-08  -6.16383e-09    3.5065e-08   8.12635e-08   1.11119e-07   1.38626e-07   1.85781e-07   2.12814e-07   2.69732e-07   3.23776e-07   3.78177e-07   3.28877e-07   2.44982e-07   1.81111e-07
-4.74762e-08  -7.41137e-08  -7.27842e-08  -7.25825e-08  -7.32118e-08   -8.5453e-08   -9.4171e-08  -7.38356e-08  -8.53409e-08     -6.77e-08  -5.31471e-08   -5.7969e-08  -3.56053e-08   7.72639e-09   5.15102e-08   7.35397e-08   1.10386e-07   1.46931e-07   1.78588e-07    2.2005e-07    2.7206e-07   3.28877e-07   3.69304e-07   2.88196e-07    2.2201e-07
-1.83613e-08  -8.94734e-08  -1.00453e-07  -4.65416e-08    -3.206e-08  -3.64553e-08  -6.49824e-08  -3.79124e-08  -6.68425e-08  -5.67428e-08  -2.62917e-08  -3.62403e-08   -2.3221e-08  -6.42685e-09   2.81944e-08   4.73255e-08   6.60013e-08   9.42001e-08   1.14198e-07   1.43007e-07   1.96598e-07   2.44982e-07   2.88196e-07   3.09762e-07   2.43939e-07
-3.26988e-08  -1.08924e-07  -1.39259e-07  -6.27908e-08  -1.84459e-08  -1.61492e-08  -4.12053e-08  -3.83329e-08  -6.12785e-08  -6.01796e-08  -3.38223e-08  -3.41699e-08  -3.20868e-08  -2.25037e-08   1.98562e-09   1.53063e-08   3.70164e-08   5.94098e-08   7.29888e-08   9.41641e-08   1.35776e-07   1.81111e-07    2.2201e-07   2.43939e-07   2.79089e-07
