  6.8861e-06   6.12149e-06   5.96313e-06   5.86765e-06   5.36564e-06   5.14603e-06   4.72162e-06    4.2063e-06   3.99456e-06    3.8918e-06   3.41079e-06   3.08612e-06   2.99674e-06   2.69766e-06   2.56082e-06   2.50888e-06   2.46098e-06   2.28178e-06   2.08824e-06   2.09031e-06   1.93188e-06   1.79942e-06   1.60083e-06   1.47821e-06   1.37282e-06   1.32996e-06   1.02997e-06   1.04178e-06   9.82549e-07   7.97944e-07   8.27033e-07   6.82732e-07   6.20364e-07   5.30583e-07   5.37533e-07    4.0674e-07   4.55202e-07    4.3484e-07   3.56364e-07   2.96839e-07   2.53428e-07   2.19664e-07   1.90286e-07   1.62866e-07   1.81102e-07   1.46595e-07   1.81752e-07   8.76983e-08   8.09318e-08    3.2252e-08   9.81311e-08   1.12989e-07   6.14101e-08  -4.18339e-08   5.76436e-08    3.8949e-08   1.15543e-07   7.58707e-08   6.54723e-08   4.12184e-09
 6.12149e-06   6.87546e-06   6.19727e-06   6.12045e-06   5.57924e-06   5.46189e-06   4.94752e-06   4.44226e-06   4.20981e-06   4.08335e-06   3.52206e-06   3.18393e-06   3.10542e-06   2.81853e-06   2.64829e-06   2.57559e-06    2.4753e-06   2.30515e-06   2.11346e-06   2.12243e-06   1.95397e-06   1.88559e-06   1.65365e-06   1.48509e-06   1.40298e-06   1.35372e-06   1.07654e-06    1.0339e-06   9.59056e-07   8.01683e-07   8.63878e-07    7.4133e-07   6.59896e-07   6.00066e-07   6.08159e-07    4.7033e-07   5.26229e-07   4.60384e-07   4.34763e-07   3.67651e-07   3.33537e-07   2.37837e-07   2.52743e-07   1.41209e-07   1.95521e-07   1.65439e-07   1.70499e-07   1.04974e-07   8.86067e-08  -3.51558e-09   7.43594e-08   7.81495e-08   1.49006e-08  -4.64669e-08   4.21021e-08   5.37679e-08   1.10532e-07     4.249e-08   7.23272e-08   3.59308e-08
 5.96313e-06   6.19727e-06   6.68461e-06   6.18596e-06   5.60493e-06   5.45503e-06   4.95023e-06   4.47341e-06    4.2454e-06   4.12469e-06   3.57538e-06   3.20891e-06   3.07376e-06   2.81247e-06   2.61188e-06   2.57317e-06   2.49383e-06   2.36787e-06   2.16697e-06   2.08288e-06   1.96048e-06   1.82424e-06   1.71548e-06   1.54973e-06   1.48036e-06   1.41139e-06   1.17127e-06   1.14256e-06   1.00163e-06   8.33119e-07    8.3808e-07   6.89313e-07   6.91556e-07   5.38436e-07   5.50861e-07   4.26107e-07   4.70361e-07   4.11565e-07   3.98136e-07   3.29034e-07   2.98659e-07   2.55934e-07   2.07249e-07   1.24239e-07   1.47188e-07   7.99138e-08   1.27148e-07   5.53719e-08   4.44419e-09  -2.11723e-08   5.39239e-09  -1.30392e-08  -7.08784e-08  -1.60797e-07  -5.65782e-08  -1.95557e-08   2.79586e-08   -1.1346e-08   3.54724e-08  -2.26241e-08
 5.86765e-06   6.12045e-06   6.18596e-06   6.90625e-06   5.79645e-06   5.59349e-06   5.18794e-06   4.69375e-06   4.46237e-06   4.34321e-06   3.77263e-06   3.43661e-06   3.28769e-06   3.02777e-06   2.80547e-06   2.75096e-06   2.68099e-06    2.4802e-06   2.27638e-06   2.22989e-06   2.14194e-06    1.9629e-06   1.82318e-06   1.67465e-06    1.5994e-06   1.53491e-06   1.25472e-06   1.26043e-06   1.06095e-06   9.04057e-07   9.40877e-07    8.0353e-07   7.82015e-07   6.86103e-07   6.90104e-07   5.51425e-07    5.7874e-07    4.9365e-07   4.80458e-07   4.25795e-07    3.1831e-07   3.05943e-07   2.00116e-07   1.24313e-07   1.61893e-07   9.08616e-08   1.31281e-07   1.62837e-08   4.21952e-09   7.58431e-09   4.27417e-08   5.25673e-08   2.83043e-08  -7.86388e-08   -2.4485e-08   1.39776e-08    5.8888e-08   2.58935e-08   3.56771e-08  -5.85459e-09
 5.36564e-06   5.57924e-06   5.60493e-06   5.79645e-06   6.10852e-06   5.50885e-06   5.11292e-06   4.57252e-06   4.52268e-06   4.28589e-06   3.81039e-06   3.50619e-06   3.31322e-06   2.91084e-06   2.70966e-06   2.66647e-06   2.55878e-06   2.33416e-06   2.09645e-06   2.12832e-06   1.93865e-06   1.77087e-06   1.67712e-06   1.56383e-06   1.46205e-06   1.40436e-06   1.11986e-06   1.12315e-06   9.42313e-07   8.28601e-07   7.59391e-07   7.13547e-07   6.57382e-07   5.62998e-07   5.81723e-07   4.58116e-07   4.84024e-07   3.80395e-07   3.43784e-07   3.10692e-07   2.17925e-07   1.37431e-07   9.29459e-08   4.92926e-08   7.52168e-08    7.3942e-08   9.58314e-08   9.56913e-09  -4.32249e-08  -3.60257e-08  -2.36328e-08   1.22224e-10  -4.60718e-08  -1.16851e-07  -6.96235e-08  -4.86127e-08  -9.94823e-09  -4.67205e-08   -2.9908e-08  -8.49241e-08
 5.14603e-06   5.46189e-06   5.45503e-06   5.59349e-06   5.50885e-06   6.04234e-06    5.2727e-06   4.72064e-06      4.54e-06   4.35228e-06   3.84535e-06   3.54832e-06   3.32544e-06   2.98772e-06   2.87933e-06   2.83349e-06    2.6932e-06    2.5169e-06   2.25613e-06   2.21781e-06   2.08529e-06   1.93478e-06   1.83631e-06    1.6145e-06   1.53543e-06   1.50845e-06    1.2372e-06   1.19068e-06   1.01313e-06   8.91697e-07   8.65096e-07   7.87512e-07   6.94773e-07   5.76583e-07   6.38613e-07   4.79384e-07   5.12765e-07   4.07429e-07   4.19747e-07   3.06884e-07   2.61963e-07   1.60477e-07   1.71987e-07    8.6401e-08   9.85549e-08   9.37064e-08   1.31381e-07   4.96233e-08   4.54509e-08   1.15124e-08   2.67927e-08    6.7229e-08   1.45968e-08  -6.87367e-08    -1.386e-08  -1.37483e-08   2.30546e-08  -1.19558e-08   2.81946e-09  -2.31622e-08
 4.72162e-06   4.94752e-06   4.95023e-06   5.18794e-06   5.11292e-06    5.2727e-06   5.53565e-06   4.70464e-06   4.63425e-06   4.36842e-06   3.92745e-06   3.61963e-06   3.44694e-06   3.12409e-06     2.983e-06    2.8759e-06   2.77389e-06   2.56829e-06   2.32707e-06   2.26611e-06   2.08097e-06    1.9152e-06   1.81121e-06   1.67727e-06   1.62221e-06   1.53887e-06   1.34214e-06   1.30934e-06   1.16331e-06   1.04111e-06    1.0107e-06   8.78274e-07   7.99773e-07    7.0713e-07   7.26154e-07   5.72955e-07   5.72099e-07   4.82451e-07   4.76182e-07   3.49684e-07   3.09169e-07   2.11343e-07   2.58589e-07    1.5968e-07   1.56917e-07    1.8918e-07   1.70939e-07   9.47525e-08   6.36727e-08   1.19829e-08   4.56141e-08    5.5658e-08    3.6672e-08  -3.76946e-08  -9.74308e-09   6.86735e-09   3.80241e-08   -1.3835e-08   3.01727e-08  -4.12725e-08
  4.2063e-06   4.44226e-06   4.47341e-06   4.69375e-06   4.57252e-06   4.72064e-06   4.70464e-06   4.89047e-06   4.30823e-06   4.04379e-06   3.66537e-06   3.44737e-06   3.26988e-06   2.99609e-06   2.85669e-06   2.72611e-06   2.56481e-06   2.41293e-06   2.16661e-06   2.13389e-06   1.94235e-06   1.83596e-06   1.76712e-06    1.6308e-06   1.59872e-06   1.57584e-06   1.35837e-06    1.3081e-06    1.1937e-06   1.08307e-06   1.05969e-06   9.08478e-07   8.50773e-07   7.92603e-07   7.90206e-07   6.68916e-07   6.85257e-07   5.41532e-07   5.22386e-07   3.98386e-07   3.42921e-07   2.95971e-07   2.99485e-07   1.72799e-07   2.11699e-07   1.79596e-07   2.28579e-07   1.68856e-07   9.63435e-08   1.11281e-07   9.33897e-08   7.34027e-08   6.61608e-08  -4.63561e-10   4.42153e-08   6.50063e-08   6.90511e-08   2.69458e-08   6.29874e-08  -1.74213e-09
 3.99456e-06   4.20981e-06    4.2454e-06   4.46237e-06   4.52268e-06      4.54e-06   4.63425e-06   4.30823e-06   4.77727e-06   4.27121e-06   3.90573e-06   3.64794e-06   3.49168e-06   3.15526e-06   3.05902e-06   2.88138e-06   2.77152e-06   2.56469e-06   2.32909e-06   2.29651e-06   2.09776e-06   1.98279e-06   1.89268e-06   1.72447e-06   1.73228e-06   1.60373e-06   1.39738e-06   1.40472e-06   1.23284e-06    1.1034e-06   1.02729e-06   9.27568e-07   8.25753e-07   8.34243e-07   7.75012e-07   6.72992e-07   6.52882e-07   5.08408e-07   4.69914e-07   4.04094e-07    3.4813e-07   2.72435e-07   2.96759e-07   2.05173e-07   2.04007e-07   2.18327e-07    2.3437e-07   1.69962e-07   1.05462e-07   8.13503e-08   7.90982e-08   9.14434e-08    8.7055e-08   5.15678e-09   6.39087e-08    5.6834e-08   4.87732e-08   4.41833e-10   4.00486e-08  -2.46904e-08
  3.8918e-06   4.08335e-06   4.12469e-06   4.34321e-06   4.28589e-06   4.35228e-06   4.36842e-06   4.04379e-06   4.27121e-06    4.5781e-06   3.90571e-06   3.59795e-06   3.49977e-06   3.17333e-06   3.04103e-06   2.88776e-06   2.74514e-06   2.57678e-06   2.32638e-06   2.28541e-06    2.0898e-06   1.99002e-06   1.89847e-06   1.70951e-06    1.6736e-06   1.60019e-06   1.37421e-06   1.33494e-06   1.21797e-06    1.0634e-06   1.04087e-06     8.838e-07   8.06381e-07   7.95683e-07   7.11797e-07   6.30906e-07   6.05509e-07   4.39563e-07   4.85888e-07   3.88187e-07   3.56985e-07   2.39813e-07   2.75189e-07   2.04358e-07   1.93437e-07   2.21049e-07   1.88471e-07   1.05185e-07   6.68652e-08    3.1352e-08   9.24269e-08   7.87039e-08   6.12968e-08  -2.31508e-08    1.6562e-08   3.15427e-08   5.62577e-08   1.54358e-08   5.89548e-08   1.26019e-08
 3.41079e-06   3.52206e-06   3.57538e-06   3.77263e-06   3.81039e-06   3.84535e-06   3.92745e-06   3.66537e-06   3.90573e-06   3.90571e-06   4.05953e-06   3.56683e-06   3.42852e-06   3.12557e-06   3.00037e-06   2.87011e-06   2.71498e-06   2.53038e-06   2.30723e-06   2.29371e-06   2.07458e-06   1.95726e-06   1.86178e-06   1.65929e-06   1.61218e-06   1.50131e-06   1.36587e-06   1.29625e-06   1.17169e-06   1.02595e-06   9.53937e-07   8.31281e-07   7.63674e-07   7.11337e-07   6.53144e-07   5.58617e-07   5.58149e-07   3.95816e-07     4.089e-07   3.14895e-07   2.82466e-07   1.95996e-07   2.22803e-07   1.12954e-07   8.93554e-08   1.39841e-07   9.75078e-08   4.23847e-08   3.23922e-08  -3.24496e-09    1.5558e-08   2.64713e-08   7.61751e-09  -5.02773e-08  -2.58487e-08  -2.15693e-09    4.4736e-08   5.81945e-09   3.44775e-08  -3.92827e-08
 3.08612e-06   3.18393e-06   3.20891e-06   3.43661e-06   3.50619e-06   3.54832e-06   3.61963e-06   3.44737e-06   3.64794e-06   3.59795e-06   3.56683e-06   3.82124e-06   3.43906e-06   3.13381e-06   2.97771e-06   2.86561e-06   2.72934e-06   2.45916e-06    2.3062e-06   2.28669e-06   2.04917e-06   1.94433e-06   1.87118e-06   1.64404e-06   1.59152e-06   1.50242e-06   1.29697e-06   1.23907e-06   1.09055e-06   9.62272e-07   9.27316e-07    8.2444e-07    7.5745e-07   7.19102e-07   6.40692e-07   5.67332e-07   5.47642e-07   3.62743e-07   3.77662e-07    2.4969e-07   2.58491e-07   1.99482e-07   2.20103e-07    1.1795e-07   8.01419e-08   8.55352e-08    9.0933e-08   4.57848e-08   4.03347e-08   2.99628e-08   3.94954e-08   5.36913e-08   2.28254e-08   -2.1006e-08  -2.53891e-08   1.90636e-09   1.78017e-08  -9.35614e-09   -4.6904e-09  -5.33836e-08
 2.99674e-06   3.10542e-06   3.07376e-06   3.28769e-06   3.31322e-06   3.32544e-06   3.44694e-06   3.26988e-06   3.49168e-06   3.49977e-06   3.42852e-06   3.43906e-06   3.80153e-06   3.28911e-06   3.17111e-06   3.01487e-06   2.88405e-06   2.63333e-06   2.45606e-06   2.42787e-06   2.19531e-06   2.11437e-06   2.03494e-06   1.81031e-06    1.7107e-06   1.55746e-06   1.36559e-06   1.27836e-06   1.19597e-06   1.08264e-06    1.0018e-06   9.18906e-07   8.23641e-07   8.03697e-07    7.2456e-07   6.48883e-07   6.25978e-07   4.47584e-07   4.33893e-07   3.17951e-07   3.45028e-07   2.37772e-07   2.73871e-07    2.2527e-07   1.52373e-07   1.72862e-07    1.5294e-07   7.80536e-08   7.73605e-08   7.93269e-08   9.31631e-08   6.03846e-08   5.93527e-08  -1.40203e-08   3.24574e-08   5.75568e-08   6.34099e-08   5.64217e-08   1.14027e-07   3.41238e-08
 2.69766e-06   2.81853e-06   2.81247e-06   3.02777e-06   2.91084e-06   2.98772e-06   3.12409e-06   2.99609e-06   3.15526e-06   3.17333e-06   3.12557e-06   3.13381e-06   3.28911e-06   3.48256e-06   3.13937e-06    2.9776e-06   2.86956e-06   2.64311e-06   2.48517e-06   2.48788e-06   2.21997e-06   2.13763e-06   2.05523e-06   1.80664e-06   1.78231e-06   1.62361e-06   1.42993e-06   1.32298e-06   1.24826e-06   1.12769e-06   1.05718e-06   9.69632e-07   8.77145e-07   8.47333e-07   7.42902e-07   6.32703e-07   6.07768e-07   4.93762e-07   4.53053e-07   3.23468e-07   3.41576e-07   2.86999e-07   3.08898e-07   2.11138e-07   1.77687e-07   1.75408e-07   1.74657e-07   9.64895e-08   7.41168e-08   4.23707e-08   8.01423e-08   4.23771e-08   4.20014e-08  -3.23815e-08  -2.81517e-09   4.51835e-08   6.93788e-08    6.5017e-08     1.013e-07   5.84789e-08
 2.56082e-06   2.64829e-06   2.61188e-06   2.80547e-06   2.70966e-06   2.87933e-06     2.983e-06   2.85669e-06   3.05902e-06   3.04103e-06   3.00037e-06   2.97771e-06   3.17111e-06   3.13937e-06   3.38151e-06    3.0217e-06   2.91901e-06    2.7082e-06   2.53522e-06   2.52642e-06   2.27107e-06   2.20544e-06   2.09041e-06   1.89892e-06   1.83495e-06   1.65207e-06   1.46003e-06   1.33473e-06   1.25121e-06   1.15482e-06   1.03218e-06   9.17441e-07   8.06109e-07   8.03782e-07   7.15577e-07   6.81356e-07   6.21036e-07   5.45031e-07   4.86551e-07   3.23319e-07   3.56196e-07   2.74879e-07   3.28989e-07   2.75271e-07    2.4311e-07   2.58284e-07   2.21049e-07   1.78274e-07    1.4083e-07   1.37495e-07   1.32286e-07   1.02466e-07   6.81872e-08   7.08001e-09    4.4621e-08    4.8429e-08   7.30424e-08   6.27618e-08   1.08967e-07    6.4883e-08
 2.50888e-06   2.57559e-06   2.57317e-06   2.75096e-06   2.66647e-06   2.83349e-06    2.8759e-06   2.72611e-06   2.88138e-06   2.88776e-06   2.87011e-06   2.86561e-06   3.01487e-06    2.9776e-06    3.0217e-06   3.27382e-06     2.957e-06   2.74699e-06    2.5593e-06     2.573e-06   2.35586e-06   2.27785e-06   2.16455e-06   1.98064e-06   1.91128e-06   1.72386e-06   1.50504e-06   1.42977e-06   1.31564e-06   1.21624e-06   1.10657e-06   9.64294e-07   8.95253e-07    8.4605e-07   7.55123e-07   6.82194e-07   6.17814e-07   5.61048e-07   5.07822e-07   3.53676e-07   3.75026e-07   3.42592e-07   3.31257e-07   2.76248e-07   2.43119e-07   2.49009e-07    2.1231e-07   1.46261e-07   1.36264e-07   8.55329e-08   1.37352e-07   7.22818e-08   6.53052e-08   2.31082e-08   5.36612e-08    7.1443e-08   6.32931e-08    4.1417e-08   9.81933e-08   2.21992e-08
 2.46098e-06    2.4753e-06   2.49383e-06   2.68099e-06   2.55878e-06    2.6932e-06   2.77389e-06   2.56481e-06   2.77152e-06   2.74514e-06   2.71498e-06   2.72934e-06   2.88405e-06   2.86956e-06   2.91901e-06     2.957e-06   3.18073e-06   2.80641e-06    2.6803e-06   2.62746e-06   2.41572e-06   2.34654e-06   2.23954e-06   2.07323e-06   1.98597e-06   1.79738e-06   1.59482e-06   1.46391e-06   1.32504e-06      1.26e-06   1.12221e-06   1.00212e-06    9.2596e-07   8.90338e-07    8.2786e-07   7.59767e-07   6.74547e-07   6.11914e-07   5.67176e-07   3.99547e-07   4.24807e-07   3.85182e-07   3.88739e-07   3.34731e-07   3.05534e-07   2.99572e-07   2.75361e-07   2.17202e-07   1.92063e-07   1.52619e-07   1.64226e-07   1.02637e-07   7.75117e-08   7.11255e-11   4.95842e-08   4.68293e-08   1.63745e-08   1.96883e-08    4.7644e-08  -1.60984e-09
 2.28178e-06   2.30515e-06   2.36787e-06    2.4802e-06   2.33416e-06    2.5169e-06   2.56829e-06   2.41293e-06   2.56469e-06   2.57678e-06   2.53038e-06   2.45916e-06   2.63333e-06   2.64311e-06    2.7082e-06   2.74699e-06   2.80641e-06   2.95987e-06   2.62976e-06   2.60312e-06   2.37721e-06   2.35284e-06   2.20523e-06    2.0497e-06   1.93596e-06   1.75124e-06   1.56215e-06   1.45331e-06   1.32523e-06   1.27424e-06   1.18256e-06   1.04132e-06   9.30184e-07   9.05039e-07   8.20809e-07   7.45971e-07    6.6684e-07     6.052e-07   5.61236e-07   4.18164e-07   4.68114e-07   4.06552e-07   4.21168e-07   3.32453e-07   2.88676e-07    2.6722e-07   2.51776e-07   2.26817e-07   2.07382e-07   1.34582e-07   1.34611e-07   6.02355e-08   6.38265e-08  -4.64082e-09   5.41159e-08   4.21757e-08   3.14375e-08   1.94378e-08   2.54649e-08   5.20138e-09
 2.08824e-06   2.11346e-06   2.16697e-06   2.27638e-06   2.09645e-06   2.25613e-06   2.32707e-06   2.16661e-06   2.32909e-06   2.32638e-06   2.30723e-06    2.3062e-06   2.45606e-06   2.48517e-06   2.53522e-06    2.5593e-06    2.6803e-06   2.62976e-06   2.82281e-06   2.56146e-06   2.38591e-06   2.36616e-06   2.21874e-06   2.08114e-06   1.98038e-06   1.78247e-06   1.59937e-06    1.4451e-06   1.29408e-06   1.27835e-06   1.18291e-06   1.04319e-06   9.26444e-07   8.93512e-07   8.07628e-07   7.61537e-07   6.42215e-07   6.12914e-07   5.50054e-07    4.1922e-07   4.49506e-07   4.30607e-07   4.28187e-07   3.76892e-07   3.16843e-07   2.85994e-07   2.96365e-07   2.53156e-07   2.19133e-07   1.56182e-07   1.70911e-07   7.81182e-08   7.17268e-08   2.06503e-08   6.73453e-08   7.33296e-08   6.90415e-08   6.64678e-08   8.60605e-08   2.70455e-08
 2.09031e-06   2.12243e-06   2.08288e-06   2.22989e-06   2.12832e-06   2.21781e-06   2.26611e-06   2.13389e-06   2.29651e-06   2.28541e-06   2.29371e-06   2.28669e-06   2.42787e-06   2.48788e-06   2.52642e-06     2.573e-06   2.62746e-06   2.60312e-06   2.56146e-06   2.81883e-06   2.43059e-06   2.40084e-06   2.25154e-06   2.08823e-06   1.99206e-06   1.77651e-06     1.593e-06   1.47287e-06   1.36035e-06   1.32239e-06   1.22072e-06   1.08683e-06   9.52296e-07   9.53926e-07   8.41276e-07   7.59909e-07   6.49138e-07   6.28434e-07    5.6578e-07   4.08289e-07   4.19199e-07   4.24535e-07    3.9732e-07   3.40035e-07   3.00087e-07   2.66286e-07   2.72462e-07   2.19856e-07   1.92165e-07   1.46103e-07    1.6745e-07   4.47403e-08   6.00348e-08  -4.66447e-09   4.89878e-08   2.75807e-08   5.88648e-08   4.04043e-08   4.48429e-08   2.70703e-08
 1.93188e-06   1.95397e-06   1.96048e-06   2.14194e-06   1.93865e-06   2.08529e-06   2.08097e-06   1.94235e-06   2.09776e-06    2.0898e-06   2.07458e-06   2.04917e-06   2.19531e-06   2.21997e-06   2.27107e-06   2.35586e-06   2.41572e-06   2.37721e-06   2.38591e-06   2.43059e-06   2.53203e-06    2.3619e-06   2.22911e-06    2.0465e-06    1.9842e-06   1.75988e-06   1.59154e-06   1.45364e-06   1.30682e-06   1.27923e-06   1.18554e-06   1.05883e-06   9.46987e-07   9.35496e-07   8.22644e-07   7.62074e-07   6.57545e-07   6.33488e-07   5.69418e-07   4.49509e-07   4.49796e-07   4.06334e-07   3.85978e-07   3.28971e-07   3.06567e-07   2.59586e-07   2.40978e-07   1.95555e-07   1.98919e-07    1.5084e-07   1.72074e-07   6.26833e-08   6.27114e-08   2.29055e-08   7.57316e-08   5.75634e-08   6.46268e-08   5.19846e-08    8.0439e-08   4.83785e-08
 1.79942e-06   1.88559e-06   1.82424e-06    1.9629e-06   1.77087e-06   1.93478e-06    1.9152e-06   1.83596e-06   1.98279e-06   1.99002e-06   1.95726e-06   1.94433e-06   2.11437e-06   2.13763e-06   2.20544e-06   2.27785e-06   2.34654e-06   2.35284e-06   2.36616e-06   2.40084e-06    2.3619e-06   2.68912e-06   2.34342e-06   2.20856e-06   2.10757e-06   1.89777e-06   1.73537e-06   1.56151e-06   1.41404e-06   1.37157e-06   1.28159e-06   1.15373e-06    1.0429e-06   1.02893e-06    9.1993e-07   8.22089e-07   6.98058e-07   6.63966e-07   5.91796e-07   4.49555e-07   4.39144e-07   4.11838e-07   4.00349e-07   3.53266e-07   3.09624e-07   2.68213e-07   2.66641e-07   2.19374e-07    2.3048e-07   1.56751e-07   1.65652e-07   6.41197e-08   5.14117e-08  -1.62909e-09    5.7871e-08   4.38164e-08   2.75078e-08   2.95904e-08   3.68315e-08  -8.02047e-09
 1.60083e-06   1.65365e-06   1.71548e-06   1.82318e-06   1.67712e-06   1.83631e-06   1.81121e-06   1.76712e-06   1.89268e-06   1.89847e-06   1.86178e-06   1.87118e-06   2.03494e-06   2.05523e-06   2.09041e-06   2.16455e-06   2.23954e-06   2.20523e-06   2.21874e-06   2.25154e-06   2.22911e-06   2.34342e-06   2.49456e-06   2.19101e-06   2.10755e-06   1.88088e-06   1.71909e-06   1.56823e-06   1.35816e-06   1.34116e-06   1.26019e-06   1.15968e-06   1.04109e-06   1.01787e-06   9.01357e-07   8.09311e-07   7.15543e-07   6.56833e-07   6.10032e-07    4.8341e-07   4.63335e-07   4.49374e-07   4.40008e-07   3.85907e-07   3.53446e-07   2.75155e-07   2.65836e-07   2.07543e-07   2.22324e-07   1.85385e-07   1.73564e-07   8.16379e-08    8.1375e-08   3.33177e-08    9.9398e-08   8.03807e-08   5.37462e-08   7.86822e-08   8.96536e-08   4.69812e-08
 1.47821e-06   1.48509e-06   1.54973e-06   1.67465e-06   1.56383e-06    1.6145e-06   1.67727e-06    1.6308e-06   1.72447e-06   1.70951e-06   1.65929e-06   1.64404e-06   1.81031e-06   1.80664e-06   1.89892e-06   1.98064e-06   2.07323e-06    2.0497e-06   2.08114e-06   2.08823e-06    2.0465e-06   2.20856e-06   2.19101e-06   2.37147e-06   2.10178e-06   1.91839e-06   1.76686e-06   1.62037e-06   1.41628e-06   1.39511e-06   1.33301e-06   1.20529e-06   1.04306e-06   1.03324e-06   9.39333e-07   8.57756e-07   7.67949e-07   6.98543e-07   6.16229e-07   5.08747e-07   4.79285e-07   4.57435e-07   4.10046e-07    3.9241e-07   3.77158e-07   3.32357e-07    3.2707e-07   2.78116e-07   2.23794e-07   2.16208e-07   2.00022e-07   9.37402e-08   7.75633e-08   4.63578e-08   1.14287e-07   9.38369e-08   5.23722e-08   7.43821e-08   8.65186e-08    4.7289e-08
 1.37282e-06   1.40298e-06   1.48036e-06    1.5994e-06   1.46205e-06   1.53543e-06   1.62221e-06   1.59872e-06   1.73228e-06    1.6736e-06   1.61218e-06   1.59152e-06    1.7107e-06   1.78231e-06   1.83495e-06   1.91128e-06   1.98597e-06   1.93596e-06   1.98038e-06   1.99206e-06    1.9842e-06   2.10757e-06   2.10755e-06   2.10178e-06    2.2671e-06   1.92238e-06   1.79748e-06   1.68441e-06   1.47626e-06   1.44891e-06    1.3408e-06   1.19473e-06   1.06385e-06   1.04795e-06   9.45946e-07   8.54557e-07   7.40305e-07    6.9525e-07   6.25059e-07   5.30102e-07   4.81695e-07   4.75754e-07   4.61317e-07   4.22089e-07   4.22007e-07   3.52902e-07   3.54354e-07     2.896e-07   2.52775e-07   2.28317e-07   2.12371e-07     1.005e-07    9.4759e-08    6.6471e-08   1.10315e-07   8.94701e-08   5.39347e-08   7.64317e-08   1.00226e-07   6.31968e-08
 1.32996e-06   1.35372e-06   1.41139e-06   1.53491e-06   1.40436e-06   1.50845e-06   1.53887e-06   1.57584e-06   1.60373e-06   1.60019e-06   1.50131e-06   1.50242e-06   1.55746e-06   1.62361e-06   1.65207e-06   1.72386e-06   1.79738e-06   1.75124e-06   1.78247e-06   1.77651e-06   1.75988e-06   1.89777e-06   1.88088e-06   1.91839e-06   1.92238e-06   1.98685e-06   1.68512e-06   1.54017e-06   1.37971e-06   1.32586e-06   1.23325e-06    1.1351e-06   1.03541e-06   1.00818e-06   9.40031e-07   8.21115e-07   7.22799e-07   6.66675e-07   6.15948e-07   5.14855e-07   4.72386e-07   4.43668e-07   3.94727e-07   3.47262e-07   3.55788e-07    2.9567e-07   2.73686e-07   2.27568e-07   2.18695e-07   2.09671e-07   1.92612e-07   9.19102e-08   8.87543e-08   8.32513e-08   1.32974e-07   1.04173e-07   7.27228e-08   1.01834e-07   1.19322e-07   7.55299e-08
 1.02997e-06   1.07654e-06   1.17127e-06   1.25472e-06   1.11986e-06    1.2372e-06   1.34214e-06   1.35837e-06   1.39738e-06   1.37421e-06   1.36587e-06   1.29697e-06   1.36559e-06   1.42993e-06   1.46003e-06   1.50504e-06   1.59482e-06   1.56215e-06   1.59937e-06     1.593e-06   1.59154e-06   1.73537e-06   1.71909e-06   1.76686e-06   1.79748e-06   1.68512e-06   1.86592e-06    1.6136e-06   1.44433e-06    1.4005e-06   1.31857e-06   1.19551e-06   1.10499e-06   1.06065e-06   9.62101e-07    8.5341e-07   7.61725e-07    7.2963e-07   6.74269e-07   5.74367e-07   5.22697e-07   4.64687e-07   4.58831e-07   4.04903e-07   3.72453e-07   3.37111e-07   3.24846e-07   2.95634e-07   2.55176e-07   2.52169e-07   2.50979e-07   1.32413e-07   1.21007e-07   8.53501e-08   1.54627e-07   1.29752e-07   8.56692e-08   1.09602e-07   1.10849e-07   4.59816e-08
 1.04178e-06    1.0339e-06   1.14256e-06   1.26043e-06   1.12315e-06   1.19068e-06   1.30934e-06    1.3081e-06   1.40472e-06   1.33494e-06   1.29625e-06   1.23907e-06   1.27836e-06   1.32298e-06   1.33473e-06   1.42977e-06   1.46391e-06   1.45331e-06    1.4451e-06   1.47287e-06   1.45364e-06   1.56151e-06   1.56823e-06   1.62037e-06   1.68441e-06   1.54017e-06    1.6136e-06   1.80522e-06   1.50857e-06   1.45714e-06   1.36889e-06   1.22717e-06   1.17236e-06   1.10325e-06   1.02073e-06   9.31228e-07   8.24332e-07   7.69163e-07   7.11086e-07   6.14692e-07   5.63994e-07   4.82199e-07   4.78126e-07   4.21628e-07   4.15556e-07   3.53428e-07   3.55061e-07   2.96764e-07   2.29737e-07    2.3654e-07   2.08405e-07   1.23625e-07   1.15816e-07   9.43132e-08   1.50059e-07   1.13504e-07   9.31874e-08   1.23378e-07   1.14249e-07   4.28737e-08
 9.82549e-07   9.59056e-07   1.00163e-06   1.06095e-06   9.42313e-07   1.01313e-06   1.16331e-06    1.1937e-06   1.23284e-06   1.21797e-06   1.17169e-06   1.09055e-06   1.19597e-06   1.24826e-06   1.25121e-06   1.31564e-06   1.32504e-06   1.32523e-06   1.29408e-06   1.36035e-06   1.30682e-06   1.41404e-06   1.35816e-06   1.41628e-06   1.47626e-06   1.37971e-06   1.44433e-06   1.50857e-06   1.58185e-06   1.45403e-06   1.34965e-06   1.22164e-06   1.14143e-06   1.09869e-06   1.01811e-06   9.15364e-07   8.55981e-07   7.93424e-07   7.41215e-07   6.48936e-07   5.79825e-07   5.07977e-07    4.8045e-07   4.37931e-07   4.22719e-07   3.81961e-07   3.66221e-07   3.22971e-07   2.48248e-07   2.34647e-07   2.27505e-07   1.35493e-07   1.14735e-07   9.00975e-08   1.36218e-07   1.17127e-07   9.28143e-08   1.05179e-07   1.17463e-07   3.92898e-08
 7.97944e-07   8.01683e-07   8.33119e-07   9.04057e-07   8.28601e-07   8.91697e-07   1.04111e-06   1.08307e-06    1.1034e-06    1.0634e-06   1.02595e-06   9.62272e-07   1.08264e-06   1.12769e-06   1.15482e-06   1.21624e-06      1.26e-06   1.27424e-06   1.27835e-06   1.32239e-06   1.27923e-06   1.37157e-06   1.34116e-06   1.39511e-06   1.44891e-06   1.32586e-06    1.4005e-06   1.45714e-06   1.45403e-06   1.62612e-06   1.42765e-06    1.3019e-06   1.22717e-06   1.16474e-06    1.0472e-06   9.71116e-07   8.78856e-07   8.36962e-07   7.93514e-07   7.25139e-07   6.29269e-07   5.75227e-07   5.56037e-07   5.14535e-07   4.88195e-07   4.53261e-07   4.22965e-07   3.86615e-07   3.21584e-07   2.98944e-07   2.97793e-07   2.14238e-07   1.77557e-07    1.3761e-07   1.84262e-07    1.3994e-07   1.14796e-07   1.34095e-07   1.38107e-07   6.91552e-08
 8.27033e-07   8.63878e-07    8.3808e-07   9.40877e-07   7.59391e-07   8.65096e-07    1.0107e-06   1.05969e-06   1.02729e-06   1.04087e-06   9.53937e-07   9.27316e-07    1.0018e-06   1.05718e-06   1.03218e-06   1.10657e-06   1.12221e-06   1.18256e-06   1.18291e-06   1.22072e-06   1.18554e-06   1.28159e-06   1.26019e-06   1.33301e-06    1.3408e-06   1.23325e-06   1.31857e-06   1.36889e-06   1.34965e-06   1.42765e-06   1.54863e-06   1.32546e-06   1.26255e-06   1.20577e-06   1.09477e-06   1.01619e-06   9.06418e-07   8.82834e-07   8.04669e-07     7.299e-07    6.4393e-07   5.75043e-07   5.53549e-07   4.99431e-07   4.66907e-07   4.24075e-07   4.20408e-07   3.67847e-07    3.0247e-07   2.64468e-07   2.59044e-07   1.69658e-07   1.34432e-07   1.16915e-07   1.48101e-07    1.3074e-07   9.87993e-08   1.10318e-07   1.23298e-07   5.06102e-08
 6.82732e-07    7.4133e-07   6.89313e-07    8.0353e-07   7.13547e-07   7.87512e-07   8.78274e-07   9.08478e-07   9.27568e-07     8.838e-07   8.31281e-07    8.2444e-07   9.18906e-07   9.69632e-07   9.17441e-07   9.64294e-07   1.00212e-06   1.04132e-06   1.04319e-06   1.08683e-06   1.05883e-06   1.15373e-06   1.15968e-06   1.20529e-06   1.19473e-06    1.1351e-06   1.19551e-06   1.22717e-06   1.22164e-06    1.3019e-06   1.32546e-06   1.44743e-06   1.23991e-06   1.17198e-06    1.0551e-06   9.82424e-07     9.113e-07   8.51226e-07   7.80761e-07   7.43633e-07   6.82661e-07    5.9338e-07   5.48886e-07    5.3129e-07   4.64717e-07   4.44072e-07   4.21424e-07   3.67786e-07   3.11788e-07   3.12194e-07   2.78043e-07   1.88237e-07   1.75576e-07   1.42434e-07   1.87998e-07   1.67254e-07   1.04424e-07   1.42385e-07   1.24319e-07   8.34039e-08
 6.20364e-07   6.59896e-07   6.91556e-07   7.82015e-07   6.57382e-07   6.94773e-07   7.99773e-07   8.50773e-07   8.25753e-07   8.06381e-07   7.63674e-07    7.5745e-07   8.23641e-07   8.77145e-07   8.06109e-07   8.95253e-07    9.2596e-07   9.30184e-07   9.26444e-07   9.52296e-07   9.46987e-07    1.0429e-06   1.04109e-06   1.04306e-06   1.06385e-06   1.03541e-06   1.10499e-06   1.17236e-06   1.14143e-06   1.22717e-06   1.26255e-06   1.23991e-06   1.37194e-06   1.20008e-06   1.10248e-06   1.00083e-06   9.23622e-07   8.91169e-07   8.29211e-07   7.64281e-07   6.99354e-07   6.08964e-07   5.78056e-07   5.35845e-07    4.8691e-07   4.35558e-07   4.25878e-07   3.61711e-07   3.16498e-07   3.21167e-07   3.03419e-07   1.87984e-07   1.83987e-07    1.5271e-07   1.79319e-07   1.75564e-07   1.21795e-07   1.45669e-07   1.27087e-07   6.05189e-08
 5.30583e-07   6.00066e-07   5.38436e-07   6.86103e-07   5.62998e-07   5.76583e-07    7.0713e-07   7.92603e-07   8.34243e-07   7.95683e-07   7.11337e-07   7.19102e-07   8.03697e-07   8.47333e-07   8.03782e-07    8.4605e-07   8.90338e-07   9.05039e-07   8.93512e-07   9.53926e-07   9.35496e-07   1.02893e-06   1.01787e-06   1.03324e-06   1.04795e-06   1.00818e-06   1.06065e-06   1.10325e-06   1.09869e-06   1.16474e-06   1.20577e-06   1.17198e-06   1.20008e-06   1.30882e-06   1.10284e-06   1.02159e-06   9.62939e-07   9.08386e-07   8.52129e-07   7.83618e-07   7.16868e-07   6.42826e-07   5.96288e-07   5.74041e-07    5.4085e-07   4.88429e-07    4.6499e-07   4.11433e-07   3.68382e-07   3.74617e-07   3.66072e-07   2.49334e-07   2.47775e-07   2.12503e-07   2.13122e-07   2.06892e-07   1.55577e-07   1.70454e-07   1.61653e-07   9.21088e-08
 5.37533e-07   6.08159e-07   5.50861e-07   6.90104e-07   5.81723e-07   6.38613e-07   7.26154e-07   7.90206e-07   7.75012e-07   7.11797e-07   6.53144e-07   6.40692e-07    7.2456e-07   7.42902e-07   7.15577e-07   7.55123e-07    8.2786e-07   8.20809e-07   8.07628e-07   8.41276e-07   8.22644e-07    9.1993e-07   9.01357e-07   9.39333e-07   9.45946e-07   9.40031e-07   9.62101e-07   1.02073e-06   1.01811e-06    1.0472e-06   1.09477e-06    1.0551e-06   1.10248e-06   1.10284e-06   1.21012e-06   1.03072e-06   9.78318e-07   8.99997e-07    8.4707e-07   7.81745e-07    7.1434e-07   6.38233e-07   5.90172e-07   5.34472e-07   5.20754e-07   4.59136e-07   4.37376e-07   3.91061e-07   3.32812e-07   3.41091e-07   3.24638e-07   2.28354e-07   2.28182e-07   2.00612e-07   2.20582e-07   2.19517e-07   1.72693e-07   1.88427e-07   1.70447e-07   1.07336e-07
  4.0674e-07    4.7033e-07   4.26107e-07   5.51425e-07   4.58116e-07   4.79384e-07   5.72955e-07   6.68916e-07   6.72992e-07   6.30906e-07   5.58617e-07   5.67332e-07   6.48883e-07   6.32703e-07   6.81356e-07   6.82194e-07   7.59767e-07   7.45971e-07   7.61537e-07   7.59909e-07   7.62074e-07   8.22089e-07   8.09311e-07   8.57756e-07   8.54557e-07   8.21115e-07    8.5341e-07   9.31228e-07   9.15364e-07   9.71116e-07   1.01619e-06   9.82424e-07   1.00083e-06   1.02159e-06   1.03072e-06   1.16626e-06   1.00081e-06   9.41068e-07   8.73393e-07   8.18281e-07   7.52733e-07   6.75231e-07   6.48651e-07   5.85352e-07   5.88612e-07   5.45666e-07   5.18121e-07   4.54811e-07   3.90226e-07   4.02126e-07   3.60323e-07   2.85756e-07   2.54344e-07   2.35337e-07   2.53335e-07    2.5363e-07   1.96657e-07   2.16686e-07   1.92535e-07    1.3933e-07
 4.55202e-07   5.26229e-07   4.70361e-07    5.7874e-07   4.84024e-07   5.12765e-07   5.72099e-07   6.85257e-07   6.52882e-07   6.05509e-07   5.58149e-07   5.47642e-07   6.25978e-07   6.07768e-07   6.21036e-07   6.17814e-07   6.74547e-07    6.6684e-07   6.42215e-07   6.49138e-07   6.57545e-07   6.98058e-07   7.15543e-07   7.67949e-07   7.40305e-07   7.22799e-07   7.61725e-07   8.24332e-07   8.55981e-07   8.78856e-07   9.06418e-07     9.113e-07   9.23622e-07   9.62939e-07   9.78318e-07   1.00081e-06   1.09597e-06   9.45307e-07   8.94424e-07   8.41287e-07    7.8681e-07   7.09396e-07   6.59101e-07     6.078e-07   5.98582e-07   5.62737e-07   5.40366e-07   4.82818e-07   4.15552e-07   4.25676e-07   3.86733e-07   3.00803e-07   2.78004e-07   2.63159e-07   2.96128e-07    2.9726e-07   2.48121e-07   2.58715e-07   2.21774e-07   1.82927e-07
  4.3484e-07   4.60384e-07   4.11565e-07    4.9365e-07   3.80395e-07   4.07429e-07   4.82451e-07   5.41532e-07   5.08408e-07   4.39563e-07   3.95816e-07   3.62743e-07   4.47584e-07   4.93762e-07   5.45031e-07   5.61048e-07   6.11914e-07     6.052e-07   6.12914e-07   6.28434e-07   6.33488e-07   6.63966e-07   6.56833e-07   6.98543e-07    6.9525e-07   6.66675e-07    7.2963e-07   7.69163e-07   7.93424e-07   8.36962e-07   8.82834e-07   8.51226e-07   8.91169e-07   9.08386e-07   8.99997e-07   9.41068e-07   9.45307e-07   1.06252e-06   9.31308e-07   8.76959e-07   8.12141e-07   7.36088e-07    6.8233e-07   6.57749e-07   6.43726e-07   6.14769e-07   5.77581e-07   5.21178e-07    4.4793e-07   4.64976e-07   4.35505e-07   3.25735e-07   3.00808e-07   2.84393e-07   3.05655e-07   2.96581e-07   2.47249e-07   2.52904e-07   2.24998e-07   1.73947e-07
 3.56364e-07   4.34763e-07   3.98136e-07   4.80458e-07   3.43784e-07   4.19747e-07   4.76182e-07   5.22386e-07   4.69914e-07   4.85888e-07     4.089e-07   3.77662e-07   4.33893e-07   4.53053e-07   4.86551e-07   5.07822e-07   5.67176e-07   5.61236e-07   5.50054e-07    5.6578e-07   5.69418e-07   5.91796e-07   6.10032e-07   6.16229e-07   6.25059e-07   6.15948e-07   6.74269e-07   7.11086e-07   7.41215e-07   7.93514e-07   8.04669e-07   7.80761e-07   8.29211e-07   8.52129e-07    8.4707e-07   8.73393e-07   8.94424e-07   9.31308e-07   1.06407e-06   9.25418e-07   8.59829e-07   7.72018e-07   7.35642e-07   6.86569e-07   6.70514e-07   6.75567e-07   6.09847e-07   5.49786e-07   5.04643e-07   4.94211e-07   5.01722e-07   3.92319e-07   3.63304e-07   3.44015e-07   3.39227e-07   3.33502e-07   2.95722e-07   3.08345e-07   2.74457e-07   2.35037e-07
 2.96839e-07   3.67651e-07   3.29034e-07   4.25795e-07   3.10692e-07   3.06884e-07   3.49684e-07   3.98386e-07   4.04094e-07   3.88187e-07   3.14895e-07    2.4969e-07   3.17951e-07   3.23468e-07   3.23319e-07   3.53676e-07   3.99547e-07   4.18164e-07    4.1922e-07   4.08289e-07   4.49509e-07   4.49555e-07    4.8341e-07   5.08747e-07   5.30102e-07   5.14855e-07   5.74367e-07   6.14692e-07   6.48936e-07   7.25139e-07     7.299e-07   7.43633e-07   7.64281e-07   7.83618e-07   7.81745e-07   8.18281e-07   8.41287e-07   8.76959e-07   9.25418e-07   1.05189e-06   9.02627e-07    8.1855e-07   7.64526e-07   7.18223e-07   7.08905e-07   7.03233e-07   6.34642e-07   5.89385e-07   5.25895e-07   5.10265e-07   5.14689e-07   4.26045e-07   3.84316e-07   3.85815e-07   3.87909e-07   3.80609e-07    3.2742e-07   3.51373e-07    3.1367e-07   2.73985e-07
 2.53428e-07   3.33537e-07   2.98659e-07    3.1831e-07   2.17925e-07   2.61963e-07   3.09169e-07   3.42921e-07    3.4813e-07   3.56985e-07   2.82466e-07   2.58491e-07   3.45028e-07   3.41576e-07   3.56196e-07   3.75026e-07   4.24807e-07   4.68114e-07   4.49506e-07   4.19199e-07   4.49796e-07   4.39144e-07   4.63335e-07   4.79285e-07   4.81695e-07   4.72386e-07   5.22697e-07   5.63994e-07   5.79825e-07   6.29269e-07    6.4393e-07   6.82661e-07   6.99354e-07   7.16868e-07    7.1434e-07   7.52733e-07    7.8681e-07   8.12141e-07   8.59829e-07   9.02627e-07   9.77169e-07   7.90351e-07   7.69577e-07   7.21382e-07   7.06494e-07   7.06476e-07   6.51942e-07   5.86441e-07   5.17442e-07    5.0512e-07   5.03568e-07   4.11867e-07   3.75287e-07   3.65734e-07   3.64572e-07   3.50145e-07   3.10661e-07   3.51413e-07   3.08533e-07   2.82753e-07
 2.19664e-07   2.37837e-07   2.55934e-07   3.05943e-07   1.37431e-07   1.60477e-07   2.11343e-07   2.95971e-07   2.72435e-07   2.39813e-07   1.95996e-07   1.99482e-07   2.37772e-07   2.86999e-07   2.74879e-07   3.42592e-07   3.85182e-07   4.06552e-07   4.30607e-07   4.24535e-07   4.06334e-07   4.11838e-07   4.49374e-07   4.57435e-07   4.75754e-07   4.43668e-07   4.64687e-07   4.82199e-07   5.07977e-07   5.75227e-07   5.75043e-07    5.9338e-07   6.08964e-07   6.42826e-07   6.38233e-07   6.75231e-07   7.09396e-07   7.36088e-07   7.72018e-07    8.1855e-07   7.90351e-07   8.90527e-07    7.6227e-07   7.19677e-07   6.94455e-07   6.79757e-07   6.17247e-07   5.82335e-07   5.25122e-07   5.06088e-07   5.04749e-07   4.01753e-07     3.865e-07   3.61111e-07   3.62847e-07   3.53984e-07    3.0715e-07   3.27048e-07   2.87543e-07   2.60571e-07
 1.90286e-07   2.52743e-07   2.07249e-07   2.00116e-07   9.29459e-08   1.71987e-07   2.58589e-07   2.99485e-07   2.96759e-07   2.75189e-07   2.22803e-07   2.20103e-07   2.73871e-07   3.08898e-07   3.28989e-07   3.31257e-07   3.88739e-07   4.21168e-07   4.28187e-07    3.9732e-07   3.85978e-07   4.00349e-07   4.40008e-07   4.10046e-07   4.61317e-07   3.94727e-07   4.58831e-07   4.78126e-07    4.8045e-07   5.56037e-07   5.53549e-07   5.48886e-07   5.78056e-07   5.96288e-07   5.90172e-07   6.48651e-07   6.59101e-07    6.8233e-07   7.35642e-07   7.64526e-07   7.69577e-07    7.6227e-07   8.61852e-07   7.38617e-07   6.99328e-07   6.96471e-07   6.54044e-07   5.88477e-07   5.28471e-07   4.99394e-07   5.19246e-07   4.26401e-07   3.86126e-07   3.81493e-07   3.89638e-07   3.51637e-07   3.36813e-07   3.50761e-07   3.02257e-07   2.74161e-07
 1.62866e-07   1.41209e-07   1.24239e-07   1.24313e-07   4.92926e-08    8.6401e-08    1.5968e-07   1.72799e-07   2.05173e-07   2.04358e-07   1.12954e-07    1.1795e-07    2.2527e-07   2.11138e-07   2.75271e-07   2.76248e-07   3.34731e-07   3.32453e-07   3.76892e-07   3.40035e-07   3.28971e-07   3.53266e-07   3.85907e-07    3.9241e-07   4.22089e-07   3.47262e-07   4.04903e-07   4.21628e-07   4.37931e-07   5.14535e-07   4.99431e-07    5.3129e-07   5.35845e-07   5.74041e-07   5.34472e-07   5.85352e-07     6.078e-07   6.57749e-07   6.86569e-07   7.18223e-07   7.21382e-07   7.19677e-07   7.38617e-07    8.3781e-07   7.39248e-07   7.40258e-07   6.92502e-07   6.37903e-07   5.66289e-07   5.46757e-07   5.36911e-07   4.44493e-07   4.26588e-07   4.00405e-07   4.06574e-07   3.70301e-07   3.28497e-07   3.46381e-07   3.07783e-07   2.72184e-07
 1.81102e-07   1.95521e-07   1.47188e-07   1.61893e-07   7.52168e-08   9.85549e-08   1.56917e-07   2.11699e-07   2.04007e-07   1.93437e-07   8.93554e-08   8.01419e-08   1.52373e-07   1.77687e-07    2.4311e-07   2.43119e-07   3.05534e-07   2.88676e-07   3.16843e-07   3.00087e-07   3.06567e-07   3.09624e-07   3.53446e-07   3.77158e-07   4.22007e-07   3.55788e-07   3.72453e-07   4.15556e-07   4.22719e-07   4.88195e-07   4.66907e-07   4.64717e-07    4.8691e-07    5.4085e-07   5.20754e-07   5.88612e-07   5.98582e-07   6.43726e-07   6.70514e-07   7.08905e-07   7.06494e-07   6.94455e-07   6.99328e-07   7.39248e-07    8.4773e-07   7.76746e-07   7.35669e-07   6.68059e-07   5.97285e-07   5.72728e-07   5.62085e-07    4.7514e-07   4.46446e-07   4.19612e-07      4.21e-07   3.76781e-07   3.43345e-07   3.49396e-07   2.99983e-07   2.50769e-07
 1.46595e-07   1.65439e-07   7.99138e-08   9.08616e-08    7.3942e-08   9.37064e-08    1.8918e-07   1.79596e-07   2.18327e-07   2.21049e-07   1.39841e-07   8.55352e-08   1.72862e-07   1.75408e-07   2.58284e-07   2.49009e-07   2.99572e-07    2.6722e-07   2.85994e-07   2.66286e-07   2.59586e-07   2.68213e-07   2.75155e-07   3.32357e-07   3.52902e-07    2.9567e-07   3.37111e-07   3.53428e-07   3.81961e-07   4.53261e-07   4.24075e-07   4.44072e-07   4.35558e-07   4.88429e-07   4.59136e-07   5.45666e-07   5.62737e-07   6.14769e-07   6.75567e-07   7.03233e-07   7.06476e-07   6.79757e-07   6.96471e-07   7.40258e-07   7.76746e-07    9.1444e-07    8.0771e-07    7.2648e-07   6.58471e-07    6.2577e-07   6.31174e-07   5.28019e-07   4.93357e-07   4.85372e-07   4.76083e-07   4.40706e-07   4.00391e-07   4.02554e-07   3.69676e-07   3.14111e-07
 1.81752e-07   1.70499e-07   1.27148e-07   1.31281e-07   9.58314e-08   1.31381e-07   1.70939e-07   2.28579e-07    2.3437e-07   1.88471e-07   9.75078e-08    9.0933e-08    1.5294e-07   1.74657e-07   2.21049e-07    2.1231e-07   2.75361e-07   2.51776e-07   2.96365e-07   2.72462e-07   2.40978e-07   2.66641e-07   2.65836e-07    3.2707e-07   3.54354e-07   2.73686e-07   3.24846e-07   3.55061e-07   3.66221e-07   4.22965e-07   4.20408e-07   4.21424e-07   4.25878e-07    4.6499e-07   4.37376e-07   5.18121e-07   5.40366e-07   5.77581e-07   6.09847e-07   6.34642e-07   6.51942e-07   6.17247e-07   6.54044e-07   6.92502e-07   7.35669e-07    8.0771e-07   9.01702e-07   7.70346e-07   6.89037e-07   6.69184e-07   6.73498e-07   5.64412e-07   5.43986e-07   5.26018e-07   5.21761e-07   4.66453e-07   4.21827e-07   4.15777e-07   3.59561e-07   3.07713e-07
