 6.38349e-06   5.43135e-06   3.98455e-06   2.87305e-06   2.34371e-06   1.85703e-06   1.31024e-06   8.97526e-07   6.00632e-07   4.19532e-07   2.44124e-07   1.32317e-07   4.29738e-08  -1.09928e-08   4.16882e-08
 5.43135e-06   5.56813e-06   4.33067e-06   3.17123e-06   2.53615e-06     1.982e-06   1.47621e-06   1.01709e-06   7.04655e-07   4.79945e-07     2.501e-07   1.19661e-07   2.15178e-08  -1.30864e-08   3.67513e-09
 3.98455e-06   4.33067e-06   4.14097e-06   3.26218e-06   2.57834e-06   2.02103e-06   1.56476e-06   1.15139e-06   7.99522e-07   5.45121e-07    3.0522e-07   1.79543e-07   7.76911e-08   3.06427e-08   3.76508e-08
 2.87305e-06   3.17123e-06   3.26218e-06   3.29078e-06   2.71279e-06   2.18012e-06   1.62066e-06   1.14281e-06   8.04948e-07   5.32993e-07   2.91807e-07   1.78571e-07   8.71871e-08   2.76421e-08   5.60457e-08
 2.34371e-06   2.53615e-06   2.57834e-06   2.71279e-06   2.80405e-06   2.37387e-06   1.82554e-06   1.28867e-06   9.02985e-07   6.31474e-07   4.04039e-07   2.88675e-07    1.7137e-07   5.31426e-08   5.12207e-08
 1.85703e-06     1.982e-06   2.02103e-06   2.18012e-06   2.37387e-06   2.40693e-06   1.91217e-06   1.35721e-06   9.90143e-07   6.73132e-07   4.30167e-07   2.99027e-07   1.87544e-07   5.29756e-08   5.45916e-08
 1.31024e-06   1.47621e-06   1.56476e-06   1.62066e-06   1.82554e-06   1.91217e-06   1.92101e-06   1.43095e-06   1.05447e-06   7.28909e-07   4.77459e-07    3.5456e-07   2.37508e-07    1.0042e-07   9.19505e-08
 8.97526e-07   1.01709e-06   1.15139e-06   1.14281e-06   1.28867e-06   1.35721e-06   1.43095e-06   1.47819e-06   1.16311e-06   8.51082e-07   5.83584e-07   4.28045e-07   2.81581e-07   1.40637e-07   1.16879e-07
 6.00632e-07   7.04655e-07   7.99522e-07   8.04948e-07   9.02985e-07   9.90143e-07   1.05447e-06   1.16311e-06   1.18987e-06   9.15538e-07   6.66017e-07   4.84648e-07   3.42691e-07   2.00491e-07   1.60059e-07
 4.19532e-07   4.79945e-07   5.45121e-07   5.32993e-07   6.31474e-07   6.73132e-07   7.28909e-07   8.51082e-07   9.15538e-07   9.71341e-07   7.67256e-07   6.05735e-07   4.53092e-07   3.02363e-07   2.57937e-07
 2.44124e-07     2.501e-07    3.0522e-07   2.91807e-07   4.04039e-07   4.30167e-07   4.77459e-07   5.83584e-07   6.66017e-07   7.67256e-07   8.35027e-07   6.89794e-07   5.30892e-07    3.8694e-07    3.3138e-07
 1.32317e-07   1.19661e-07   1.79543e-07   1.78571e-07   2.88675e-07   2.99027e-07    3.5456e-07   4.28045e-07   4.84648e-07   6.05735e-07   6.89794e-07   7.81263e-07   6.33737e-07   4.74587e-07    3.7529e-07
 4.29738e-08   2.15178e-08   7.76911e-08   8.71871e-08    1.7137e-07   1.87544e-07   2.37508e-07   2.81581e-07   3.42691e-07   4.53092e-07   5.30892e-07   6.33737e-07   7.08754e-07   5.80101e-07   4.43631e-07
-1.09928e-08  -1.30864e-08   3.06427e-08   2.76421e-08   5.31426e-08   5.29756e-08    1.0042e-07   1.40637e-07   2.00491e-07   3.02363e-07    3.8694e-07   4.74587e-07   5.80101e-07   6.67944e-07   5.45713e-07
 4.16882e-08   3.67513e-09   3.76508e-08   5.60457e-08   5.12207e-08   5.45916e-08   9.19505e-08   1.16879e-07   1.60059e-07   2.57937e-07    3.3138e-07    3.7529e-07   4.43631e-07   5.45713e-07   5.93516e-07
