 8.91407e-06   6.84964e-06   5.31899e-06   4.25752e-06   3.64023e-06   3.08995e-06    2.6405e-06   2.08006e-06   1.60412e-06   1.46999e-06   1.20311e-06   9.27417e-07   7.19437e-07   5.88525e-07   5.72624e-07   4.26816e-07   3.41148e-07   3.63191e-07   2.16997e-07   1.84912e-07    5.5767e-08   4.92882e-08  -3.52416e-08  -7.06008e-08  -7.07478e-08  -4.81336e-08  -6.84558e-08   3.81287e-08   6.52952e-08    4.2047e-08   1.96031e-09  -4.31074e-08  -4.64526e-08  -3.25234e-08
 6.84964e-06   7.01138e-06   5.53079e-06   4.61389e-06   3.89497e-06   3.35385e-06   2.79925e-06   2.23413e-06   1.69349e-06   1.59094e-06   1.29344e-06   1.01729e-06   8.53979e-07   7.07127e-07     6.397e-07   4.82615e-07   3.64277e-07   3.54831e-07    2.2608e-07   1.44707e-07   4.82806e-08   2.85444e-08  -6.22869e-08  -6.48909e-08  -8.73456e-08  -8.57923e-08  -7.86814e-08   1.87461e-08   7.86475e-08   6.90107e-08  -7.01133e-11  -4.82098e-08  -7.21065e-08  -9.96881e-08
 5.31899e-06   5.53079e-06    5.7982e-06   4.65937e-06   3.95688e-06   3.38053e-06   2.78861e-06   2.29981e-06    1.8444e-06   1.80737e-06   1.41099e-06   1.20321e-06    9.8683e-07   7.67323e-07   6.63868e-07   5.01445e-07   4.18111e-07   4.31426e-07   3.15551e-07   2.56419e-07    1.1646e-07   6.71211e-08  -1.63051e-08  -3.06279e-08  -6.75532e-08  -8.47828e-08  -9.64273e-08  -3.66034e-08    1.3255e-08  -4.46075e-08  -9.58679e-08  -1.24527e-07  -1.38716e-07  -1.49406e-07
 4.25752e-06   4.61389e-06   4.65937e-06   4.83677e-06   4.08307e-06    3.4953e-06   2.92813e-06    2.4351e-06   1.91596e-06   1.78876e-06   1.43128e-06   1.17736e-06   9.49659e-07   6.77126e-07   6.21762e-07   4.35537e-07   4.06016e-07   4.35273e-07   3.34725e-07   2.89979e-07   1.57776e-07   9.24007e-08   3.86254e-08   2.07398e-08   3.10215e-08  -1.51716e-09  -3.99282e-09   5.12131e-08   1.07393e-07   5.44642e-08  -1.23567e-08  -4.37101e-08  -8.48132e-08  -1.15862e-07
 3.64023e-06   3.89497e-06   3.95688e-06   4.08307e-06   4.31775e-06   3.63742e-06   3.04491e-06   2.57652e-06   2.03063e-06     1.868e-06     1.433e-06   1.17162e-06   9.19175e-07   6.78706e-07   6.21505e-07   4.92384e-07   4.11018e-07   4.18254e-07   3.10163e-07   2.39909e-07   1.22489e-07   7.13509e-08    3.6276e-08   2.77871e-08   1.50672e-08  -4.66267e-11   -1.9865e-08   1.70774e-08   4.95508e-08   2.59812e-09   -6.9657e-08  -7.41984e-08  -6.35174e-08   -7.6663e-08
 3.08995e-06   3.35385e-06   3.38053e-06    3.4953e-06   3.63742e-06   3.93416e-06   3.34072e-06   2.79972e-06   2.21993e-06   1.99426e-06   1.57143e-06   1.26763e-06   1.02024e-06   8.11297e-07   7.56436e-07   6.01604e-07   5.04097e-07   4.74915e-07   3.40858e-07   2.30179e-07   8.47078e-08   4.61209e-08   3.41263e-08   7.31135e-09   2.01192e-09  -1.81163e-08  -5.71011e-08  -7.72025e-09   3.58532e-08   2.63151e-08   -3.4684e-08  -4.44688e-08  -2.23135e-08  -1.12942e-08
  2.6405e-06   2.79925e-06   2.78861e-06   2.92813e-06   3.04491e-06   3.34072e-06   3.45326e-06   2.83972e-06   2.33944e-06   2.08805e-06   1.61965e-06    1.2528e-06   1.06069e-06   8.63665e-07   8.04296e-07   6.47773e-07   5.11211e-07   4.54183e-07   3.03774e-07    2.1587e-07   6.97906e-08   2.19665e-08   3.24611e-08   5.82211e-09  -2.49721e-09   -3.8806e-08  -8.26663e-08  -4.06281e-08  -3.06472e-09  -2.28449e-08  -8.30507e-08  -6.96787e-08  -3.84507e-08  -2.37355e-08
 2.08006e-06   2.23413e-06   2.29981e-06    2.4351e-06   2.57652e-06   2.79972e-06   2.83972e-06   2.92422e-06   2.40729e-06   2.16553e-06   1.75211e-06   1.39723e-06   1.17998e-06   9.94697e-07    9.1154e-07   7.28753e-07   5.66691e-07   5.06342e-07   3.84487e-07   2.92339e-07   1.14349e-07   5.82169e-08    8.0164e-08   4.03376e-08   4.21302e-08   1.59619e-08  -3.96457e-08   1.25376e-08   4.11572e-08  -1.69301e-08  -7.16889e-08  -7.93669e-08  -4.64074e-08  -2.69948e-08
 1.60412e-06   1.69349e-06    1.8444e-06   1.91596e-06   2.03063e-06   2.21993e-06   2.33944e-06   2.40729e-06   2.47575e-06   2.24248e-06   1.81018e-06   1.48643e-06   1.28404e-06   1.04692e-06   9.48599e-07   7.61196e-07    5.8563e-07   4.83765e-07   3.38818e-07   2.46934e-07   1.11752e-07   5.59017e-08   6.12842e-08   2.27964e-08   2.33968e-08  -1.16641e-09  -5.72761e-08  -1.80719e-09   1.62365e-08  -1.10765e-08  -7.94202e-08  -9.18174e-08  -8.07424e-08  -5.29959e-08
 1.46999e-06   1.59094e-06   1.80737e-06   1.78876e-06     1.868e-06   1.99426e-06   2.08805e-06   2.16553e-06   2.24248e-06   2.44531e-06   1.99399e-06   1.68076e-06   1.45968e-06   1.18543e-06   1.03625e-06   8.55092e-07   6.63483e-07   5.52786e-07   4.25819e-07    3.3262e-07   2.21956e-07   1.52458e-07   1.46248e-07   8.79807e-08   7.69936e-08   5.82328e-08  -3.93221e-09   4.81167e-08   5.98085e-08    3.7283e-08  -4.09924e-08  -5.49254e-08  -3.75605e-08  -3.86678e-08
 1.20311e-06   1.29344e-06   1.41099e-06   1.43128e-06     1.433e-06   1.57143e-06   1.61965e-06   1.75211e-06   1.81018e-06   1.99399e-06   1.88975e-06    1.5896e-06   1.41002e-06   1.14206e-06    1.0091e-06   8.22779e-07   6.32066e-07   5.26245e-07   4.13507e-07   3.32338e-07   2.21102e-07   1.65023e-07   1.54205e-07   1.03527e-07    7.1854e-08   5.95874e-08  -2.17886e-08   1.25684e-08   1.94072e-08  -6.47911e-10  -7.17688e-08  -6.92328e-08   -5.5209e-08   -5.3049e-08
 9.27417e-07   1.01729e-06   1.20321e-06   1.17736e-06   1.17162e-06   1.26763e-06    1.2528e-06   1.39723e-06   1.48643e-06   1.68076e-06    1.5896e-06   1.69896e-06   1.49554e-06   1.22872e-06   1.09133e-06   8.61082e-07   6.82134e-07    5.6592e-07   4.61185e-07   3.43547e-07   2.48846e-07   1.98629e-07   1.73087e-07   1.14121e-07   8.09216e-08   7.09176e-08  -8.70992e-10   3.00926e-08   2.79874e-08   8.75232e-09  -5.15185e-08  -6.89712e-08  -6.79736e-08  -5.26501e-08
 7.19437e-07   8.53979e-07    9.8683e-07   9.49659e-07   9.19175e-07   1.02024e-06   1.06069e-06   1.17998e-06   1.28404e-06   1.45968e-06   1.41002e-06   1.49554e-06   1.59037e-06   1.28164e-06    1.1568e-06   9.23091e-07   7.18283e-07   5.94222e-07   4.60263e-07   3.49217e-07   2.45995e-07   2.03894e-07   1.84788e-07   1.23772e-07   9.32035e-08   8.17836e-08   2.16682e-08   4.93342e-08   1.14428e-08  -7.19454e-09   -3.8686e-08  -6.06471e-08  -5.43257e-08  -5.44947e-08
 5.88525e-07   7.07127e-07   7.67323e-07   6.77126e-07   6.78706e-07   8.11297e-07   8.63665e-07   9.94697e-07   1.04692e-06   1.18543e-06   1.14206e-06   1.22872e-06   1.28164e-06   1.32834e-06   1.14865e-06   9.46635e-07   7.30368e-07   6.03512e-07   4.73624e-07   3.71779e-07   2.57129e-07   2.17964e-07   2.01259e-07   1.40611e-07   1.16248e-07   9.22484e-08   3.60185e-08   4.48424e-08  -5.07493e-09   -2.9542e-08  -3.84985e-08  -7.02267e-08  -6.71298e-08  -6.08797e-08
 5.72624e-07     6.397e-07   6.63868e-07   6.21762e-07   6.21505e-07   7.56436e-07   8.04296e-07    9.1154e-07   9.48599e-07   1.03625e-06    1.0091e-06   1.09133e-06    1.1568e-06   1.14865e-06   1.22626e-06   1.00148e-06   8.27937e-07   6.77325e-07   5.24674e-07   4.31155e-07   3.02256e-07   2.58928e-07   2.25689e-07   1.46885e-07   1.18636e-07   9.56417e-08   2.89713e-08   5.99405e-08   1.61204e-08    -1.691e-08  -2.03239e-08  -4.30822e-08  -1.60634e-08    -2.605e-08
 4.26816e-07   4.82615e-07   5.01445e-07   4.35537e-07   4.92384e-07   6.01604e-07   6.47773e-07   7.28753e-07   7.61196e-07   8.55092e-07   8.22779e-07   8.61082e-07   9.23091e-07   9.46635e-07   1.00148e-06   1.01574e-06   8.34544e-07   6.75892e-07   5.21789e-07   4.48948e-07   3.40214e-07   2.90643e-07   2.42289e-07   1.59077e-07   1.29693e-07   1.01402e-07   3.84975e-08   5.50856e-08  -2.86472e-09  -3.86348e-08  -4.07686e-08   -5.0136e-08  -3.84832e-08  -3.95461e-08
 3.41148e-07   3.64277e-07   4.18111e-07   4.06016e-07   4.11018e-07   5.04097e-07   5.11211e-07   5.66691e-07    5.8563e-07   6.63483e-07   6.32066e-07   6.82134e-07   7.18283e-07   7.30368e-07   8.27937e-07   8.34544e-07   9.08494e-07   7.39666e-07   5.90149e-07   4.95804e-07   3.66143e-07   3.23581e-07   2.70509e-07   1.85951e-07   1.47015e-07   1.13631e-07   6.76828e-08   7.76936e-08   2.16282e-08  -2.70535e-08  -3.47563e-08  -5.12808e-08   -3.1206e-08  -3.36189e-08
 3.63191e-07   3.54831e-07   4.31426e-07   4.35273e-07   4.18254e-07   4.74915e-07   4.54183e-07   5.06342e-07   4.83765e-07   5.52786e-07   5.26245e-07    5.6592e-07   5.94222e-07   6.03512e-07   6.77325e-07   6.75892e-07   7.39666e-07   7.71339e-07   6.52594e-07   5.57728e-07   4.11885e-07   3.62991e-07   3.15682e-07   2.39156e-07   1.99351e-07   1.60029e-07   1.24481e-07   1.25693e-07   5.75869e-08   1.63709e-09   5.51834e-09  -1.79598e-08  -1.24301e-08  -3.45098e-08
 2.16997e-07    2.2608e-07   3.15551e-07   3.34725e-07   3.10163e-07   3.40858e-07   3.03774e-07   3.84487e-07   3.38818e-07   4.25819e-07   4.13507e-07   4.61185e-07   4.60263e-07   4.73624e-07   5.24674e-07   5.21789e-07   5.90149e-07   6.52594e-07   7.02215e-07   6.14492e-07   4.68141e-07    3.8811e-07   3.30798e-07   2.61902e-07    2.1663e-07   1.77275e-07   1.56885e-07   1.48026e-07   8.25118e-08   3.20025e-08   2.97381e-08   2.94136e-09  -4.14774e-09  -2.64081e-08
 1.84912e-07   1.44707e-07   2.56419e-07   2.89979e-07   2.39909e-07   2.30179e-07    2.1587e-07   2.92339e-07   2.46934e-07    3.3262e-07   3.32338e-07   3.43547e-07   3.49217e-07   3.71779e-07   4.31155e-07   4.48948e-07   4.95804e-07   5.57728e-07   6.14492e-07   6.91726e-07   5.45806e-07   4.71132e-07   4.10215e-07   3.29053e-07   2.68425e-07   2.24354e-07   1.99075e-07   1.79479e-07   1.06927e-07   6.86252e-08   6.17971e-08   3.68351e-08   2.27563e-08   7.17654e-10
  5.5767e-08   4.82806e-08    1.1646e-07   1.57776e-07   1.22489e-07   8.47078e-08   6.97906e-08   1.14349e-07   1.11752e-07   2.21956e-07   2.21102e-07   2.48846e-07   2.45995e-07   2.57129e-07   3.02256e-07   3.40214e-07   3.66143e-07   4.11885e-07   4.68141e-07   5.45806e-07    5.9125e-07   5.07407e-07   4.35367e-07   3.49974e-07   2.94384e-07   2.43852e-07   2.18958e-07   1.91561e-07   1.21053e-07   9.08297e-08   7.23062e-08   4.86973e-08   2.91399e-08  -1.03149e-10
 4.92882e-08   2.85444e-08   6.71211e-08   9.24007e-08   7.13509e-08   4.61209e-08   2.19665e-08   5.82169e-08   5.59017e-08   1.52458e-07   1.65023e-07   1.98629e-07   2.03894e-07   2.17964e-07   2.58928e-07   2.90643e-07   3.23581e-07   3.62991e-07    3.8811e-07   4.71132e-07   5.07407e-07   5.78693e-07   4.87975e-07    4.0958e-07   3.36492e-07    2.8627e-07   2.61867e-07   2.13411e-07    1.4798e-07   1.15831e-07   1.00556e-07   7.32669e-08   5.49186e-08   2.18785e-08
-3.52416e-08  -6.22869e-08  -1.63051e-08   3.86254e-08    3.6276e-08   3.41263e-08   3.24611e-08    8.0164e-08   6.12842e-08   1.46248e-07   1.54205e-07   1.73087e-07   1.84788e-07   2.01259e-07   2.25689e-07   2.42289e-07   2.70509e-07   3.15682e-07   3.30798e-07   4.10215e-07   4.35367e-07   4.87975e-07   5.47615e-07   4.67778e-07   3.92228e-07   3.35343e-07   2.90666e-07   2.27464e-07   1.60618e-07   1.39003e-07   1.25026e-07   9.52036e-08   6.69484e-08   3.95639e-08
-7.06008e-08  -6.48909e-08  -3.06279e-08   2.07398e-08   2.77871e-08   7.31135e-09   5.82211e-09   4.03376e-08   2.27964e-08   8.79807e-08   1.03527e-07   1.14121e-07   1.23772e-07   1.40611e-07   1.46885e-07   1.59077e-07   1.85951e-07   2.39156e-07   2.61902e-07   3.29053e-07   3.49974e-07    4.0958e-07   4.67778e-07   5.20925e-07   4.30868e-07   3.72995e-07   3.29694e-07   2.59899e-07   1.93494e-07   1.66955e-07   1.44224e-07   1.14173e-07   8.12523e-08   4.47973e-08
-7.07478e-08  -8.73456e-08  -6.75532e-08   3.10215e-08   1.50672e-08   2.01192e-09  -2.49721e-09   4.21302e-08   2.33968e-08   7.69936e-08    7.1854e-08   8.09216e-08   9.32035e-08   1.16248e-07   1.18636e-07   1.29693e-07   1.47015e-07   1.99351e-07    2.1663e-07   2.68425e-07   2.94384e-07   3.36492e-07   3.92228e-07   4.30868e-07   4.80622e-07   4.26019e-07   3.80486e-07   3.15964e-07   2.43638e-07   2.00878e-07   1.75131e-07   1.43033e-07   1.05455e-07   6.75481e-08
-4.81336e-08  -8.57923e-08  -8.47828e-08  -1.51716e-09  -4.66267e-11  -1.81163e-08   -3.8806e-08   1.59619e-08  -1.16641e-09   5.82328e-08   5.95874e-08   7.09176e-08   8.17836e-08   9.22484e-08   9.56417e-08   1.01402e-07   1.13631e-07   1.60029e-07   1.77275e-07   2.24354e-07   2.43852e-07    2.8627e-07   3.35343e-07   3.72995e-07   4.26019e-07   4.73876e-07   4.12262e-07   3.39712e-07    2.6279e-07   2.20641e-07   1.98174e-07   1.62518e-07   1.15105e-07   7.49899e-08
-6.84558e-08  -7.86814e-08  -9.64273e-08  -3.99282e-09   -1.9865e-08  -5.71011e-08  -8.26663e-08  -3.96457e-08  -5.72761e-08  -3.93221e-09  -2.17886e-08  -8.70992e-10   2.16682e-08   3.60185e-08   2.89713e-08   3.84975e-08   6.76828e-08   1.24481e-07   1.56885e-07   1.99075e-07   2.18958e-07   2.61867e-07   2.90666e-07   3.29694e-07   3.80486e-07   4.12262e-07    4.6782e-07   3.92985e-07   3.13634e-07   2.57105e-07   2.24646e-07   1.80623e-07   1.28921e-07   8.54529e-08
 3.81287e-08   1.87461e-08  -3.66034e-08   5.12131e-08   1.70774e-08  -7.72025e-09  -4.06281e-08   1.25376e-08  -1.80719e-09   4.81167e-08   1.25684e-08   3.00926e-08   4.93342e-08   4.48424e-08   5.99405e-08   5.50856e-08   7.76936e-08   1.25693e-07   1.48026e-07   1.79479e-07   1.91561e-07   2.13411e-07   2.27464e-07   2.59899e-07   3.15964e-07   3.39712e-07   3.92985e-07   4.41428e-07   3.59089e-07   3.07228e-07     2.698e-07   2.16475e-07   1.66867e-07   1.16037e-07
 6.52952e-08   7.86475e-08    1.3255e-08   1.07393e-07   4.95508e-08   3.58532e-08  -3.06472e-09   4.11572e-08   1.62365e-08   5.98085e-08   1.94072e-08   2.79874e-08   1.14428e-08  -5.07493e-09   1.61204e-08  -2.86472e-09   2.16282e-08   5.75869e-08   8.25118e-08   1.06927e-07   1.21053e-07    1.4798e-07   1.60618e-07   1.93494e-07   2.43638e-07    2.6279e-07   3.13634e-07   3.59089e-07   3.85812e-07   3.41588e-07   3.00834e-07   2.59781e-07   2.07511e-07   1.44328e-07
  4.2047e-08   6.90107e-08  -4.46075e-08   5.44642e-08   2.59812e-09   2.63151e-08  -2.28449e-08  -1.69301e-08  -1.10765e-08    3.7283e-08  -6.47911e-10   8.75232e-09  -7.19454e-09   -2.9542e-08    -1.691e-08  -3.86348e-08  -2.70535e-08   1.63709e-09   3.20025e-08   6.86252e-08   9.08297e-08   1.15831e-07   1.39003e-07   1.66955e-07   2.00878e-07   2.20641e-07   2.57105e-07   3.07228e-07   3.41588e-07    3.9632e-07   3.48319e-07   3.03344e-07   2.44719e-07   1.79754e-07
 1.96031e-09  -7.01133e-11  -9.58679e-08  -1.23567e-08   -6.9657e-08   -3.4684e-08  -8.30507e-08  -7.16889e-08  -7.94202e-08  -4.09924e-08  -7.17688e-08  -5.15185e-08   -3.8686e-08  -3.84985e-08  -2.03239e-08  -4.07686e-08  -3.47563e-08   5.51834e-09   2.97381e-08   6.17971e-08   7.23062e-08   1.00556e-07   1.25026e-07   1.44224e-07   1.75131e-07   1.98174e-07   2.24646e-07     2.698e-07   3.00834e-07   3.48319e-07   3.82074e-07   3.30825e-07   2.69897e-07    2.0807e-07
-4.31074e-08  -4.82098e-08  -1.24527e-07  -4.37101e-08  -7.41984e-08  -4.44688e-08  -6.96787e-08  -7.93669e-08  -9.18174e-08  -5.49254e-08  -6.92328e-08  -6.89712e-08  -6.06471e-08  -7.02267e-08  -4.30822e-08   -5.0136e-08  -5.12808e-08  -1.79598e-08   2.94136e-09   3.68351e-08   4.86973e-08   7.32669e-08   9.52036e-08   1.14173e-07   1.43033e-07   1.62518e-07   1.80623e-07   2.16475e-07   2.59781e-07   3.03344e-07   3.30825e-07   3.58821e-07   3.00554e-07   2.32818e-07
-4.64526e-08  -7.21065e-08  -1.38716e-07  -8.48132e-08  -6.35174e-08  -2.23135e-08  -3.84507e-08  -4.64074e-08  -8.07424e-08  -3.75605e-08   -5.5209e-08  -6.79736e-08  -5.43257e-08  -6.71298e-08  -1.60634e-08  -3.84832e-08   -3.1206e-08  -1.24301e-08  -4.14774e-09   2.27563e-08   2.91399e-08   5.49186e-08   6.69484e-08   8.12523e-08   1.05455e-07   1.15105e-07   1.28921e-07   1.66867e-07   2.07511e-07   2.44719e-07   2.69897e-07   3.00554e-07   3.27407e-07   2.50617e-07
-3.25234e-08  -9.96881e-08  -1.49406e-07  -1.15862e-07   -7.6663e-08  -1.12942e-08  -2.37355e-08  -2.69948e-08  -5.29959e-08  -3.86678e-08   -5.3049e-08  -5.26501e-08  -5.44947e-08  -6.08797e-08    -2.605e-08  -3.95461e-08  -3.36189e-08  -3.45098e-08  -2.64081e-08   7.17654e-10  -1.03149e-10   2.18785e-08   3.95639e-08   4.47973e-08   6.75481e-08   7.49899e-08   8.54529e-08   1.16037e-07   1.44328e-07   1.79754e-07    2.0807e-07   2.32818e-07   2.50617e-07   2.77845e-07
