 1.60604e-05   1.16712e-05   8.07892e-06   6.17511e-06   5.18595e-06   3.93197e-06   2.72642e-06   2.15603e-06    1.8608e-06   1.51745e-06   1.19286e-06   8.96896e-07   4.31327e-07   1.82182e-07   1.37416e-07   2.63528e-09   -9.1504e-09  -1.58665e-07  -2.07738e-08   1.34034e-07    1.0567e-07  -2.01935e-08  -1.45771e-07  -9.61036e-08  -3.25728e-08
 1.16712e-05   1.10151e-05   8.21899e-06   6.37302e-06   5.48564e-06    4.0991e-06   2.94313e-06    2.4623e-06   2.06737e-06   1.72837e-06   1.24171e-06   9.24526e-07   5.56632e-07   3.47491e-07   1.57626e-07   4.31424e-08  -7.74529e-09  -1.56641e-07  -1.37685e-07  -4.77462e-09  -2.88085e-09   -1.3939e-08  -1.51031e-07  -1.77379e-07  -4.05867e-08
 8.07892e-06   8.21899e-06   7.63207e-06   6.17274e-06   5.30701e-06   4.07288e-06   2.98922e-06   2.44512e-06   2.04537e-06   1.62072e-06   1.15269e-06   8.52493e-07   5.61583e-07   3.87388e-07   2.00588e-07   1.00592e-07   5.75809e-08  -4.42593e-08  -7.10679e-08  -9.16732e-09  -4.24846e-08  -4.39901e-08  -1.47554e-07  -1.71664e-07  -6.89397e-08
 6.17511e-06   6.37302e-06   6.17274e-06   6.35264e-06   5.54228e-06   4.25137e-06   3.16684e-06   2.55137e-06   2.13292e-06   1.67423e-06   1.22911e-06   8.89356e-07    6.1463e-07   4.53211e-07   3.16914e-07   1.52378e-07    9.0971e-08   3.51001e-08  -2.03221e-08   3.96544e-08   2.61286e-08  -2.75855e-08   -1.6181e-07  -1.53348e-07  -4.03409e-08
 5.18595e-06   5.48564e-06   5.30701e-06   5.54228e-06   5.71782e-06   4.58938e-06   3.49126e-06   2.78208e-06    2.2735e-06   1.80302e-06   1.37628e-06   9.70659e-07   6.98888e-07   5.16463e-07   3.35427e-07    1.2569e-07    7.3618e-08   2.36205e-08  -2.34274e-08  -5.06214e-09  -2.32679e-08  -4.95251e-08  -1.29524e-07  -1.06701e-07   1.47754e-08
 3.93197e-06    4.0991e-06   4.07288e-06   4.25137e-06   4.58938e-06   4.43426e-06   3.54178e-06   2.85294e-06   2.29778e-06   1.84636e-06   1.50297e-06    1.1498e-06   8.25178e-07   6.10329e-07   3.89772e-07   2.25793e-07   1.72086e-07   7.37782e-08   4.08176e-08   3.17755e-08   1.48748e-09  -1.97835e-08  -8.11845e-08  -9.20518e-08    6.1007e-09
 2.72642e-06   2.94313e-06   2.98922e-06   3.16684e-06   3.49126e-06   3.54178e-06   3.53269e-06   2.95388e-06   2.38318e-06   1.93245e-06   1.47358e-06   1.10663e-06   8.02905e-07   5.56027e-07   3.28242e-07   1.81312e-07   1.04637e-07   4.78019e-08   1.59388e-08   3.82254e-08    1.6385e-08  -9.54572e-09  -7.97109e-08  -1.10975e-07  -4.24654e-08
 2.15603e-06    2.4623e-06   2.44512e-06   2.55137e-06   2.78208e-06   2.85294e-06   2.95388e-06    3.0521e-06   2.57319e-06   2.15107e-06   1.63531e-06   1.22572e-06   8.65956e-07   6.46238e-07   4.04885e-07   2.91499e-07   2.07775e-07   1.12787e-07   3.69945e-08   5.48982e-08   4.72022e-08   -1.0323e-08  -7.86689e-08  -1.08232e-07  -7.00538e-08
  1.8608e-06   2.06737e-06   2.04537e-06   2.13292e-06    2.2735e-06   2.29778e-06   2.38318e-06   2.57319e-06   2.60087e-06   2.23478e-06   1.70029e-06   1.29496e-06   9.38201e-07   6.86827e-07   4.65841e-07   3.52045e-07   2.52792e-07   1.28583e-07   4.67051e-08   4.59749e-08    3.0324e-08  -2.05447e-08  -7.58286e-08  -1.07317e-07  -8.95437e-08
 1.51745e-06   1.72837e-06   1.62072e-06   1.67423e-06   1.80302e-06   1.84636e-06   1.93245e-06   2.15107e-06   2.23478e-06   2.33215e-06   1.84961e-06   1.38039e-06   1.05058e-06   7.65908e-07   5.11907e-07   3.80664e-07   2.63053e-07   1.53294e-07   6.82092e-08    6.0035e-08   3.03378e-08   1.88557e-08  -2.50071e-08   -5.7747e-08  -5.38596e-08
 1.19286e-06   1.24171e-06   1.15269e-06   1.22911e-06   1.37628e-06   1.50297e-06   1.47358e-06   1.63531e-06   1.70029e-06   1.84961e-06   1.81148e-06   1.41491e-06    1.0833e-06   7.97867e-07   5.55323e-07   4.12388e-07    3.0354e-07   1.91681e-07   1.16502e-07   9.96216e-08   6.60117e-08   4.33334e-08   1.49619e-08  -1.03927e-08  -1.97706e-08
 8.96896e-07   9.24526e-07   8.52493e-07   8.89356e-07   9.70659e-07    1.1498e-06   1.10663e-06   1.22572e-06   1.29496e-06   1.38039e-06   1.41491e-06   1.47026e-06   1.18536e-06   9.08789e-07   6.68165e-07   4.92206e-07   3.74819e-07   2.28993e-07   1.32014e-07   1.09034e-07   4.16516e-08     9.808e-09  -2.33358e-09  -2.67205e-08  -3.29584e-08
 4.31327e-07   5.56632e-07   5.61583e-07    6.1463e-07   6.98888e-07   8.25178e-07   8.02905e-07   8.65956e-07   9.38201e-07   1.05058e-06    1.0833e-06   1.18536e-06   1.21445e-06   9.59476e-07   7.37376e-07   5.45691e-07   4.10392e-07   2.90285e-07   1.96945e-07   1.48781e-07   6.91291e-08   2.40309e-08  -1.13174e-08  -3.18022e-08  -4.30919e-08
 1.82182e-07   3.47491e-07   3.87388e-07   4.53211e-07   5.16463e-07   6.10329e-07   5.56027e-07   6.46238e-07   6.86827e-07   7.65908e-07   7.97867e-07   9.08789e-07   9.59476e-07   1.01479e-06   8.19272e-07   6.33807e-07   5.07403e-07   3.72105e-07   2.74371e-07   2.22021e-07   1.34163e-07   7.89157e-08    4.2246e-08   1.96774e-08   1.38538e-08
 1.37416e-07   1.57626e-07   2.00588e-07   3.16914e-07   3.35427e-07   3.89772e-07   3.28242e-07   4.04885e-07   4.65841e-07   5.11907e-07   5.55323e-07   6.68165e-07   7.37376e-07   8.19272e-07   9.00848e-07    7.2886e-07   6.10958e-07    4.7081e-07   3.66149e-07    3.0898e-07   2.22827e-07   1.43815e-07   8.82698e-08   5.27076e-08   3.32063e-08
 2.63528e-09   4.31424e-08   1.00592e-07   1.52378e-07    1.2569e-07   2.25793e-07   1.81312e-07   2.91499e-07   3.52045e-07   3.80664e-07   4.12388e-07   4.92206e-07   5.45691e-07   6.33807e-07    7.2886e-07   7.67055e-07   6.67493e-07   5.16159e-07    4.0973e-07    3.3065e-07   2.50444e-07   1.74843e-07   1.07544e-07   7.08488e-08    6.0564e-08
 -9.1504e-09  -7.74529e-09   5.75809e-08    9.0971e-08    7.3618e-08   1.72086e-07   1.04637e-07   2.07775e-07   2.52792e-07   2.63053e-07    3.0354e-07   3.74819e-07   4.10392e-07   5.07403e-07   6.10958e-07   6.67493e-07   7.74393e-07   6.30873e-07   5.19984e-07   4.01468e-07   3.03309e-07   2.36753e-07   1.55564e-07   1.09935e-07   9.24415e-08
-1.58665e-07  -1.56641e-07  -4.42593e-08   3.51001e-08   2.36205e-08   7.37782e-08   4.78019e-08   1.12787e-07   1.28583e-07   1.53294e-07   1.91681e-07   2.28993e-07   2.90285e-07   3.72105e-07    4.7081e-07   5.16159e-07   6.30873e-07   6.78501e-07   5.88128e-07   4.43523e-07   3.41767e-07   2.73124e-07   2.13484e-07   1.66705e-07   1.33511e-07
-2.07738e-08  -1.37685e-07  -7.10679e-08  -2.03221e-08  -2.34274e-08   4.08176e-08   1.59388e-08   3.69945e-08   4.67051e-08   6.82092e-08   1.16502e-07   1.32014e-07   1.96945e-07   2.74371e-07   3.66149e-07    4.0973e-07   5.19984e-07   5.88128e-07   7.12295e-07    5.6491e-07   4.44045e-07   3.55209e-07   2.82152e-07   2.21086e-07   1.81833e-07
 1.34034e-07  -4.77462e-09  -9.16732e-09   3.96544e-08  -5.06214e-09   3.17755e-08   3.82254e-08   5.48982e-08   4.59749e-08    6.0035e-08   9.96216e-08   1.09034e-07   1.48781e-07   2.22021e-07    3.0898e-07    3.3065e-07   4.01468e-07   4.43523e-07    5.6491e-07   5.84318e-07   4.84454e-07    3.9309e-07   3.05799e-07    2.3721e-07   1.90576e-07
  1.0567e-07  -2.88085e-09  -4.24846e-08   2.61286e-08  -2.32679e-08   1.48748e-09    1.6385e-08   4.72022e-08    3.0324e-08   3.03378e-08   6.60117e-08   4.16516e-08   6.91291e-08   1.34163e-07   2.22827e-07   2.50444e-07   3.03309e-07   3.41767e-07   4.44045e-07   4.84454e-07   5.37764e-07   4.62663e-07   3.48497e-07   2.78527e-07   2.16064e-07
-2.01935e-08   -1.3939e-08  -4.39901e-08  -2.75855e-08  -4.95251e-08  -1.97835e-08  -9.54572e-09   -1.0323e-08  -2.05447e-08   1.88557e-08   4.33334e-08     9.808e-09   2.40309e-08   7.89157e-08   1.43815e-07   1.74843e-07   2.36753e-07   2.73124e-07   3.55209e-07    3.9309e-07   4.62663e-07   5.35658e-07   4.41087e-07   3.62474e-07   2.91349e-07
-1.45771e-07  -1.51031e-07  -1.47554e-07   -1.6181e-07  -1.29524e-07  -8.11845e-08  -7.97109e-08  -7.86689e-08  -7.58286e-08  -2.50071e-08   1.49619e-08  -2.33358e-09  -1.13174e-08    4.2246e-08   8.82698e-08   1.07544e-07   1.55564e-07   2.13484e-07   2.82152e-07   3.05799e-07   3.48497e-07   4.41087e-07   4.85669e-07   4.29202e-07   3.51599e-07
-9.61036e-08  -1.77379e-07  -1.71664e-07  -1.53348e-07  -1.06701e-07  -9.20518e-08  -1.10975e-07  -1.08232e-07  -1.07317e-07   -5.7747e-08  -1.03927e-08  -2.67205e-08  -3.18022e-08   1.96774e-08   5.27076e-08   7.08488e-08   1.09935e-07   1.66705e-07   2.21086e-07    2.3721e-07   2.78527e-07   3.62474e-07   4.29202e-07   4.94234e-07   4.32905e-07
-3.25728e-08  -4.05867e-08  -6.89397e-08  -4.03409e-08   1.47754e-08    6.1007e-09  -4.24654e-08  -7.00538e-08  -8.95437e-08  -5.38596e-08  -1.97706e-08  -3.29584e-08  -4.30919e-08   1.38538e-08   3.32063e-08    6.0564e-08   9.24415e-08   1.33511e-07   1.81833e-07   1.90576e-07   2.16064e-07   2.91349e-07   3.51599e-07   4.32905e-07   4.73477e-07
