8672449.527945  1144656.810125  59027.226178  129282.406081  215108.416139  246828.473906  108549.034220  123534.055147  96929.501973  80949.022545  91436.850971  57792.821380  66920.887442  67416.203630  28738.157567  32098.059483  39960.704941  38365.071676  31049.473326  27109.622197  16269.499126  14392.507280
1144656.810125  3758357.784212  529815.464921  154675.330969  202178.367846  122234.169571  89835.161971  106241.145566  78384.600238  91287.269754  59853.557989  52124.113985  52023.430802  45442.850110  37099.114562  20356.141089  31443.670695  30661.584488  21660.312381  19504.739302  19819.702157  16734.283914
59027.226178  529815.464921  1741446.034348  263709.981496  95159.430168  86776.988432  92037.917147  73021.267603  58178.788547  55007.729994  42605.898476  43458.358942  38143.530817  23878.291230  33843.555817  24225.309691  28626.582666  18663.704137  19913.671520  17212.649182  19311.548448  16591.409728
129282.406081  154675.330969  263709.981496  925407.304889  150390.612132  78331.225219  80914.538636  61506.225227  49891.295329  56292.445991  40594.607718  31550.811097  31906.362697  28276.309214  17604.982001  17997.888749  22177.119301  19617.801739  18081.124171  14443.587593  14710.917374  12633.360604
215108.416139  202178.367846  95159.430168  150390.612132  553389.940721  114136.180130  61340.849761  51356.665626  36596.614809  34197.396870  31325.647835  24401.759475  29013.995967  16047.738949  16925.721161  16603.312716  13884.354632  14738.453299  10708.994892   8427.238265   9272.877328  10931.790463
246828.473906  122234.169571  86776.988432  78331.225219  114136.180130  341523.989530  68098.233333  42900.105646  33326.512009  26214.535355  24719.385819  24770.955945  21920.148869  19878.898884  12141.649295  13174.541336  12309.273479  10518.461985   9464.926291   9211.358745   6318.390428   7523.086857
108549.034220  89835.161971  92037.917147  80914.538636  61340.849761  68098.233333  215370.134775  41151.468473  23288.366085  23562.499905  17044.982443  17157.692979  16276.003450  15777.930481  13256.758279  11032.322104   9573.935354   8923.116711   5731.551540   6610.616081   5891.565271   6176.754487
123534.055146  106241.145566  73021.267603  61506.225227  51356.665626  42900.105646  41151.468473  131110.375168  31531.683609  19194.888612  15094.922341  13466.770483  14781.071418  10345.148222  10621.767918  10341.234267   9219.692555   7239.691704   5683.723482   6614.252052   4404.025586   4742.509787
96929.501973  78384.600239  58178.788547  49891.295329  36596.614809  33326.512009  23288.366085  31531.683609  89170.348689  23478.942603  13280.007844  10250.929855  10294.213193  10559.997317   7532.118234   5992.180545   7257.127224   6595.526466   5382.564591   4846.723732   4690.043875   4382.616071
80949.022545  91287.269754  55007.729994  56292.445991  34197.396870  26214.535355  23562.499905  19194.888612  23478.942603  69318.663200  18475.913547   8242.443794  10537.045035   8166.321592   8077.349651   6191.292940   5389.349718   6649.812875   5154.302376   4948.339818   3531.353326   3949.704028
91436.850971  59853.557989  42605.898476  40594.607718  31325.647835  24719.385819  17044.982443  15094.922341  13280.007844  18475.913547  54851.711919  12979.332030   8941.402661   8836.182175   6869.182706   5510.520837   6510.767269   6111.430179   4888.844381   4132.400177   3621.910282   3941.357004
57792.821380  52124.113985  43458.358942  31550.811097  24401.759475  24770.955945  17157.692979  13466.770483  10250.929855   8242.443794  12979.332030  38976.718304  10613.684420   5772.025631   6367.690171   5032.613052   5270.511958   4563.062534   4432.660613   4013.672514   3838.970138   3010.759255
66920.887442  52023.430802  38143.530817  31906.362697  29013.995967  21920.148869  16276.003450  14781.071418  10294.213193  10537.045035   8941.402661  10613.684420  30273.427554   7480.566600   5348.713824   3897.335411   4537.586288   4346.787978   3916.314633   4414.902331   3607.546025   2615.619961
67416.203630  45442.850110  23878.291230  28276.309214  16047.738949  19878.898884  15777.930481  10345.148222  10559.997317   8166.321592   8836.182175   5772.025631   7480.566600  21923.783708   6838.997056   4039.089927   3819.952928   3811.837777   3107.651787   3312.764086   2957.763056   2956.703728
28738.157567  37099.114562  33843.555817  17604.982001  16925.721161  12141.649295  13256.758279  10621.767918   7532.118234   8077.349651   6869.182706   6367.690171   5348.713824   6838.997056  18294.368091   4218.250751   2999.704601   3412.782811   2415.032421   2554.416653   2298.720967   1914.529829
32098.059483  20356.141089  24225.309691  17997.888749  16603.312716  13174.541336  11032.322104  10341.234267   5992.180545   6191.292940   5510.520837   5032.613052   3897.335411   4039.089927   4218.250751  13230.212960   4047.093723   2457.025533   2327.604126   2061.011769   2112.962844   1905.312922
39960.704941  31443.670695  28626.582666  22177.119301  13884.354632  12309.273479   9573.935354   9219.692555   7257.127224   5389.349718   6510.767269   5270.511958   4537.586288   3819.952928   2999.704601   4047.093723  11649.492682   3372.469088   2284.073479   2271.806015   2344.690556   2122.855507
38365.071676  30661.584488  18663.704137  19617.801739  14738.453299  10518.461985   8923.116711   7239.691704   6595.526466   6649.812875   6111.430179   4563.062534   4346.787978   3811.837777   3412.782811   2457.025533   3372.469088   8919.433251   2518.828435   2179.289165   2237.800842   1936.470670
31049.473326  21660.312381  19913.671519  18081.124171  10708.994892   9464.926291   5731.551540   5683.723482   5382.564591   5154.302376   4888.844381   4432.660613   3916.314633   3107.651787   2415.032421   2327.604126   2284.073479   2518.828435   7381.874713   2102.202118   1718.645908   1460.287099
27109.622197  19504.739302  17212.649182  14443.587593   8427.238265   9211.358745   6610.616081   6614.252052   4846.723732   4948.339818   4132.400177   4013.672514   4414.902331   3312.764086   2554.416653   2061.011769   2271.806015   2179.289165   2102.202118   6663.308346   2292.261047   1315.243221
16269.499126  19819.702157  19311.548448  14710.917374   9272.877328   6318.390428   5891.565271   4404.025586   4690.043875   3531.353326   3621.910282   3838.970138   3607.546025   2957.763056   2298.720967   2112.962844   2344.690556   2237.800842   1718.645908   2292.261047   5326.280005   1885.510333
14392.507280  16734.283915  16591.409728  12633.360604  10931.790463   7523.086857   6176.754487   4742.509787   4382.616071   3949.704028   3941.357004   3010.759255   2615.619961   2956.703728   1914.529829   1905.312922   2122.855507   1936.470670   1460.287099   1315.243221   1885.510333   4583.222425
