0.00950319  0.00257939  -0.000174023  -0.00103983  -0.00181011  -0.0018843  2.76827e-05  0.000401252  0.000476607  0.000214351  0.000200949  -0.000246502  -8.18935e-05  0.000127695  -0.000110419  -4.5357e-05  -8.31763e-05  -4.5425e-05  -0.000145771  9.00078e-05  0.000131786  6.53929e-05  0.000107289  4.0604e-06  2.00044e-05  -2.73508e-05  -1.40929e-05  -8.3591e-05  -1.46935e-05  3.73968e-05  2.7936e-05  2.19079e-05  -3.50911e-05  9.06344e-05  -5.22055e-05  6.10026e-06  1.33608e-05  -1.04095e-06  -7.68123e-06  -3.41528e-05  2.39646e-05  3.77559e-05  -1.63069e-05  4.48376e-05  5.7769e-07  -6.75193e-05  -0.00011396  -0.000115814  0.000127467  5.47061e-05  6.16167e-05  2.18411e-05  -9.69849e-06  -4.45666e-05  9.75222e-07  -4.63654e-05  -1.04318e-05  3.98412e-05  5.80373e-05  -1.34832e-05  2.11968e-05  8.48579e-05  -4.77794e-05  -4.47994e-05  -6.03743e-06  -3.15221e-05  -2.86277e-05  -2.60001e-05  3.5727e-05  7.33441e-05
0.00257939  0.00914107  0.00240083  -0.000497642  -0.000882445  -0.00169267  -0.00132442  3.55187e-05  0.000295037  0.000410186  0.000182864  -0.000150974  -0.000204727  0.000129426  9.92201e-06  -2.74397e-06  8.92519e-05  -9.10287e-05  -9.21163e-05  2.62519e-05  0.000195132  9.91632e-05  -4.72077e-06  -0.000137275  -0.000138879  -8.75591e-06  3.60373e-05  4.22697e-05  3.20468e-05  -7.67775e-05  4.25325e-06  8.39705e-05  3.08609e-05  5.73937e-05  -0.000125178  -7.67477e-05  5.08625e-05  2.43302e-06  2.91033e-05  -5.46571e-05  8.28323e-05  2.80549e-05  2.46875e-05  6.66135e-05  -4.13058e-05  -4.70712e-05  -8.16896e-05  -5.71294e-05  8.95917e-05  2.73437e-05  -1.66375e-05  5.92874e-05  -6.9908e-05  -6.96393e-05  -1.10432e-05  -1.72008e-05  0.000115395  7.70178e-05  -1.726e-06  -3.19097e-05  -7.14464e-05  -0.000145818  2.81233e-05  6.67519e-05  9.04014e-05  -8.87405e-05  3.41703e-05  -2.01034e-05  1.38339e-05  1.82127e-05
-0.000174023  0.00240083  0.00755504  0.00201632  0.000104533  -0.0010322  -0.00133152  -0.00118312  -0.000208186  0.000206938  0.000192538  -7.08322e-05  0.000112853  2.79776e-05  -3.57084e-05  3.33967e-05  7.33446e-05  -8.92978e-05  -3.52675e-06  1.44853e-05  4.36027e-07  5.36089e-05  9.77613e-05  -5.36715e-05  9.85964e-07  -5.55268e-05  -9.61713e-05  1.00943e-05  5.30349e-05  7.7038e-06  2.14806e-05  -4.96507e-05  -2.7911e-05  7.51756e-05  -6.10792e-05  -2.33538e-06  -2.39309e-05  6.09961e-05  3.79102e-05  -8.18857e-05  -6.15309e-06  7.90657e-06  8.92922e-05  4.83177e-05  1.41015e-05  -2.45496e-05  -9.58175e-06  -8.81249e-05  4.46006e-06  6.90079e-05  2.77763e-05  -5.82406e-05  -8.94763e-05  -5.32085e-05  -1.42688e-05  -1.34378e-05  1.95255e-05  5.78278e-05  9.67562e-05  3.61956e-07  -2.14328e-05  -5.69607e-05  -3.19159e-05  1.38564e-05  1.48986e-06  2.2242e-06  7.28227e-05  2.01249e-05  3.33472e-05  -6.07422e-05
-0.00103983  -0.000497642  0.00201632  0.00642384  0.00139762  -0.000133252  -0.000839322  -0.0012201  -0.00107324  2.75077e-05  0.000193686  0.000129385  0.000239443  7.38115e-05  -0.000110139  -2.81229e-05  -1.80226e-05  -7.52118e-05  1.1239e-05  1.69264e-05  -3.57709e-05  5.57663e-05  0.000177526  8.21044e-06  7.54462e-05  -2.34592e-05  -0.000144828  -2.11517e-05  8.01382e-05  -3.26779e-05  6.37514e-05  -8.18509e-05  -8.28182e-05  -3.28155e-06  -6.19933e-05  0.000103411  2.25951e-05  1.77283e-05  -1.73885e-05  4.09504e-05  -5.12502e-05  8.35534e-06  -1.21078e-05  2.92689e-06  -6.27757e-09  5.22225e-06  3.89809e-05  -4.97941e-06  2.9808e-05  3.33309e-05  -1.40301e-05  -1.47559e-05  -2.00434e-05  -2.88786e-05  -1.74281e-05  -4.50905e-05  2.3457e-05  1.48777e-05  -3.78575e-05  -1.35899e-06  -2.17745e-05  -4.45039e-06  7.21635e-05  3.81151e-05  9.96208e-06  4.73792e-05  1.60465e-05  -0.000105227  -8.62794e-05  8.42545e-06
-0.00181011  -0.000882445  0.000104533  0.00139762  0.00548913  0.0012786  -0.000252207  -0.000705125  -0.00107214  -0.000786247  -8.19005e-05  9.95591e-05  0.000170932  9.74491e-05  2.29689e-06  0.000179475  9.8271e-05  1.62772e-05  -0.000120576  -6.48457e-05  -4.84162e-05  -9.85316e-05  2.12902e-05  -3.66246e-05  4.93843e-05  -6.94394e-05  -0.000106812  6.02672e-05  9.91092e-05  1.55862e-05  7.89062e-05  5.12348e-05  1.68908e-05  -7.76891e-05  -4.42662e-05  1.17897e-05  4.8492e-05  -1.23139e-05  -5.54033e-05  -2.57284e-05  -3.83986e-05  -2.94699e-05  -1.68955e-05  7.13056e-05  -1.33947e-05  4.59418e-05  4.35776e-05  -6.00043e-06  -5.43946e-05  -1.98118e-05  0.00010021  6.34891e-05  -9.75391e-07  -1.30911e-06  -6.52636e-05  -0.000132964  -1.28103e-05  1.74063e-06  2.07094e-05  -7.15038e-06  -9.42269e-07  8.38281e-05  7.29504e-05  2.19274e-05  -2.55006e-05  -3.73839e-05  1.05018e-05  -7.3779e-05  -3.84495e-05  2.27156e-05
-0.0018843  -0.00169267  -0.0010322  -0.000133252  0.0012786  0.00459839  0.000922249  -0.000347307  -0.000730915  -0.000819273  -0.00075599  1.73187e-05  0.000157406  0.000143343  0.000184136  0.000134576  -2.39095e-05  -2.55666e-05  -0.000107558  -3.46849e-05  -2.8669e-05  -2.60522e-05  7.2941e-05  3.70723e-05  2.10577e-05  -4.08819e-05  -7.8304e-05  4.01871e-05  -2.86376e-05  1.04275e-05  -5.38306e-05  5.40638e-05  -1.63208e-05  -4.28288e-06  2.46198e-05  -4.77673e-05  1.13679e-05  1.11623e-05  6.33072e-05  2.80451e-06  -5.04595e-05  -4.05382e-05  2.0807e-06  -3.4754e-05  3.87329e-05  8.39448e-05  1.25539e-05  -3.99598e-05  -3.21304e-05  -3.47986e-05  -2.26532e-05  4.22958e-05  3.07126e-05  -1.2819e-06  1.77017e-05  3.70459e-05  -1.80874e-05  -3.67342e-05  -1.40911e-05  2.52291e-05  3.389e-06  8.0115e-06  -3.89238e-06  -6.08829e-06  -3.33118e-06  8.89039e-06  -4.2237e-06  -1.74439e-05  5.35459e-07  -8.59391e-06
2.76827e-05  -0.00132442  -0.00133152  -0.000839322  -0.000252207  0.000922249  0.00368665  0.00051998  -0.000167333  -0.000534419  -0.000669459  -0.000415614  7.76524e-05  1.79109e-05  0.000125493  -3.84794e-05  -2.88617e-05  -3.66987e-06  -3.75743e-05  -5.81718e-05  4.83031e-05  -3.25795e-05  1.61536e-05  3.35905e-05  7.0873e-05  5.02137e-05  1.61306e-05  4.1911e-06  -9.51069e-05  2.46234e-05  9.61345e-06  5.38043e-05  -2.84773e-05  -7.2523e-05  -1.11202e-05  1.43575e-05  2.41735e-05  2.82444e-05  1.20363e-05  2.24332e-05  -5.15368e-05  -2.30607e-05  1.51842e-05  -1.34138e-05  -3.60251e-05  -3.58858e-05  6.90197e-05  5.03612e-05  -2.17524e-05  -1.03322e-05  -3.01168e-05  3.22285e-05  -1.10404e-05  -8.65411e-06  -9.78188e-06  5.51414e-05  -4.00928e-05  -4.16304e-05  9.16674e-06  -1.90379e-05  1.04108e-05  2.42466e-05  -6.48107e-07  -1.41907e-05  3.91509e-07  4.75068e-05  -3.54256e-05  2.0173e-05  1.28586e-05  3.00863e-05
0.000401252  3.55187e-05  -0.00118312  -0.0012201  -0.000705125  -0.000347307  0.00051998  0.00337571  0.000715997  -0.0002065  -0.000419644  -0.000432651  -0.000499194  -9.31703e-05  8.33899e-05  -6.6056e-05  -4.89911e-05  4.13742e-05  5.19115e-05  9.71367e-05  7.92701e-05  -6.67936e-06  -4.26898e-05  6.87118e-05  -3.24433e-05  -6.03044e-05  -6.96747e-06  -2.03473e-05  9.72386e-08  4.01121e-05  6.44642e-06  -9.17899e-06  2.0739e-05  -3.98719e-05  2.73126e-05  9.64056e-06  2.84666e-05  -2.7989e-05  2.71323e-05  3.6648e-05  -4.26535e-05  -4.66119e-05  -3.26039e-05  1.17051e-06  4.32818e-05  4.50665e-05  1.4702e-05  1.67224e-05  -1.00575e-05  -7.02083e-05  -9.47779e-05  1.69072e-05  1.59334e-05  5.95372e-05  2.3782e-05  3.32079e-05  -1.06242e-05  -4.35965e-05  2.61968e-05  2.60988e-05  1.43927e-05  -3.53175e-05  -3.36364e-06  -4.99227e-05  -1.0883e-05  4.44927e-05  6.05577e-06  1.69007e-05  -7.60939e-06  8.99324e-06
0.000476607  0.000295037  -0.000208186  -0.00107324  -0.00107214  -0.000730915  -0.000167333  0.000715997  0.00273428  0.000291273  -0.000205973  -0.000426761  -0.00054852  -0.000426857  5.31098e-05  0.000152503  2.86582e-05  -1.82832e-05  2.21255e-05  3.89867e-05  -2.47488e-05  -2.93737e-06  -6.05118e-05  3.98054e-05  -1.31967e-05  4.48333e-05  7.15864e-05  -1.9246e-05  -2.21573e-05  -2.74194e-05  -3.22952e-05  8.3155e-06  6.05693e-05  2.02498e-05  -1.89214e-05  -3.1753e-05  -8.66197e-05  -2.97511e-05  5.66366e-06  8.99851e-05  4.22521e-05  2.04128e-05  3.6671e-05  -3.20594e-06  5.62013e-06  -7.77395e-05  -7.66935e-05  1.39308e-05  1.86349e-05  1.01884e-05  -1.47596e-05  -3.3512e-05  6.28908e-06  1.4208e-05  4.64931e-05  3.59613e-05  3.58778e-05  4.92205e-06  -3.43506e-05  -3.67078e-05  2.73517e-05  -8.28864e-06  -6.50686e-06  -2.94898e-05  -1.36657e-05  -2.67132e-05  3.3062e-05  9.32736e-05  2.77524e-05  -5.63164e-05
0.000214351  0.000410186  0.000206938  2.75077e-05  -0.000786247  -0.000819273  -0.000534419  -0.0002065  0.000291273  0.00218371  0.000382918  -0.000196197  -0.000354901  -0.000389199  -0.000364371  -8.47879e-05  6.87461e-05  0.000105405  5.06142e-05  5.65619e-05  3.4824e-05  4.80149e-05  -2.32393e-05  -2.58349e-05  1.66054e-05  8.65563e-06  -4.5825e-05  -2.75609e-05  -6.93065e-05  6.42166e-05  2.34643e-05  3.73265e-05  -4.22044e-06  1.26657e-05  -3.69347e-05  -2.06099e-05  -3.31774e-05  -2.86424e-05  3.60208e-06  5.08402e-05  6.18241e-05  1.32468e-05  -3.87604e-05  -2.97654e-05  2.37616e-05  5.94005e-08  -2.31824e-05  3.56255e-05  1.96925e-05  -1.05523e-05  1.00791e-05  -3.07825e-05  4.32991e-06  3.4825e-06  -1.56153e-05  -3.07135e-05  -2.18634e-05  -5.84567e-06  6.58642e-05  3.94114e-05  1.28969e-05  5.35306e-06  2.53499e-06  1.14301e-06  -2.09303e-05  -2.56287e-05  -5.73011e-05  -2.52833e-05  1.61496e-06  4.56898e-05
0.000200949  0.000182864  0.000192538  0.000193686  -8.19005e-05  -0.00075599  -0.000669459  -0.000419644  -0.000205973  0.000382918  0.00188331  0.000234397  -0.000296425  -0.000381325  -0.000426206  -0.000309684  7.80359e-05  0.000149718  9.67492e-05  5.99693e-05  3.1962e-05  -4.12314e-05  -1.65004e-05  2.5899e-05  -2.26587e-05  -3.30458e-05  4.49119e-05  -2.49558e-05  -5.03346e-06  -2.08921e-06  2.85383e-05  -1.69156e-05  1.1436e-05  -4.51604e-05  3.38125e-05  2.12798e-05  3.26247e-05  -2.46304e-06  -1.17001e-05  -2.84848e-05  -2.01857e-05  -3.57071e-05  3.39493e-05  1.99854e-06  2.68453e-05  -8.423e-06  2.60227e-06  4.25196e-06  1.67203e-05  7.32853e-06  -2.91237e-05  -9.37919e-06  1.51564e-05  -8.32164e-06  -9.12332e-06  -3.78931e-06  1.06094e-05  8.87405e-06  2.33884e-05  -5.41829e-06  -5.33117e-05  2.53348e-05  1.10952e-05  2.06273e-05  3.63333e-07  1.31634e-05  -2.65237e-05  -3.76576e-05  -3.85769e-05  2.70007e-05
-0.000246502  -0.000150974  -7.08322e-05  0.000129385  9.95591e-05  1.73187e-05  -0.000415614  -0.000432651  -0.000426761  -0.000196197  0.000234397  0.00151147  0.000236595  -0.00013563  -0.000242676  -0.00028863  -0.000285006  -3.73814e-05  8.55329e-05  6.96021e-05  4.13375e-05  3.49033e-05  -5.31461e-05  -1.56332e-05  1.30564e-05  2.22747e-05  3.8987e-05  3.13186e-05  3.99616e-05  -5.87839e-05  -2.5472e-05  -1.9943e-05  -9.95701e-06  -1.72187e-05  3.35961e-05  -6.38509e-06  -5.95259e-06  -3.65129e-06  7.85108e-06  -3.86664e-05  -7.40589e-06  -3.56336e-06  3.98399e-05  2.2947e-06  -1.75135e-05  3.93205e-05  -1.12573e-05  -2.4245e-05  1.60355e-05  6.07815e-07  1.06015e-06  6.34155e-06  5.23634e-07  3.16776e-05  1.13337e-05  -3.22193e-06  -3.6258e-07  -2.5228e-05  -6.44687e-05  1.8066e-05  2.44779e-06  -1.66038e-06  2.39287e-05  2.65757e-06  9.40718e-06  -1.09844e-05  2.36592e-05  -6.46677e-05  -2.31142e-05  4.63987e-05
-8.18935e-05  -0.000204727  0.000112853  0.000239443  0.000170932  0.000157406  7.76524e-05  -0.000499194  -0.00054852  -0.000354901  -0.000296425  0.000236595  0.00144213  0.000245003  -0.000179135  -0.000232168  -0.00028005  -0.000216529  8.37602e-06  1.51558e-05  5.75659e-06  -2.74666e-05  2.07198e-05  -2.90037e-08  1.23123e-05  6.51091e-05  -4.79225e-06  3.23608e-05  4.31139e-06  -1.99762e-05  -7.58023e-06  -1.86607e-05  -1.16371e-05  -4.30245e-05  2.90814e-05  9.96379e-06  7.309e-06  4.66683e-05  -2.36297e-05  -2.86355e-05  1.41935e-05  1.55564e-05  -3.12559e-05  1.55156e-05  -4.63082e-05  9.97212e-06  3.39419e-05  -4.77308e-06  -2.16233e-05  2.74095e-05  5.84668e-05  -3.10342e-05  -4.21248e-06  -3.89293e-05  2.20381e-05  -1.94389e-05  9.71372e-06  1.89545e-05  -9.88897e-06  -3.09637e-05  1.90045e-05  -2.30979e-05  1.83404e-05  1.02898e-05  9.74328e-07  3.45072e-05  -1.86919e-05  -5.44619e-05  1.49113e-05  6.70435e-07
0.000127695  0.000129426  2.79776e-05  7.38115e-05  9.74491e-05  0.000143343  1.79109e-05  -9.31703e-05  -0.000426857  -0.000389199  -0.000381325  -0.00013563  0.000245003  0.00116632  0.000155138  -0.000126391  -0.000259515  -0.000235882  -0.000197353  3.56562e-05  7.26458e-05  5.97791e-05  1.41948e-05  -1.09775e-06  -9.18247e-06  -1.86436e-05  -4.93189e-05  1.24814e-05  2.5064e-05  1.42518e-05  -4.56154e-06  -1.09046e-05  -1.26718e-05  2.47749e-05  3.82443e-06  -2.22411e-05  5.23569e-06  -6.72508e-06  1.50701e-05  1.29312e-05  -1.27317e-05  1.65348e-05  -2.77342e-05  1.54696e-05  -7.54754e-07  1.2215e-05  6.42496e-06  -2.97374e-06  6.12708e-07  -1.01483e-05  1.07361e-05  -3.21465e-05  2.73678e-07  -2.85001e-05  5.03133e-08  1.94255e-05  7.3083e-06  1.93825e-05  7.34642e-06  -8.3018e-06  -1.70287e-05  -9.54918e-06  -8.90865e-07  1.1903e-05  6.81585e-06  -1.78028e-05  2.03798e-05  5.94507e-05  2.33123e-06  -6.10945e-05
-0.000110419  9.92201e-06  -3.57084e-05  -0.000110139  2.29689e-06  0.000184136  0.000125493  8.33899e-05  5.31098e-05  -0.000364371  -0.000426206  -0.000242676  -0.000179135  0.000155138  0.00119351  0.000205017  -0.000112566  -0.000211172  -0.000263024  -0.000239299  -4.36977e-06  6.68385e-05  5.67574e-05  5.26704e-05  -1.56456e-05  -5.0493e-05  -4.3324e-07  3.30852e-05  1.51242e-05  -1.659e-05  -1.35753e-05  -9.4116e-06  -1.06593e-05  5.37504e-05  2.98069e-05  -1.20025e-05  -3.90161e-05  -2.12978e-05  -8.02008e-07  -1.04913e-05  3.91662e-05  3.66584e-05  1.21641e-05  -3.543e-05  -2.22065e-05  8.2404e-06  -1.68258e-05  1.82274e-05  -1.95987e-05  1.35328e-05  1.20319e-05  -1.28606e-05  -3.77102e-05  3.75619e-05  -2.23425e-05  1.48294e-05  5.08144e-06  1.75134e-05  2.15389e-06  7.33262e-06  2.54333e-05  -2.26591e-05  -2.43169e-05  -2.38336e-05  -1.02532e-05  -2.72763e-06  1.68498e-05  5.75017e-05  1.57766e-05  -2.12863e-05
-4.5357e-05  -2.74397e-06  3.33967e-05  -2.81229e-05  0.000179475  0.000134576  -3.84794e-05  -6.6056e-05  0.000152503  -8.47879e-05  -0.000309684  -0.00028863  -0.000232168  -0.000126391  0.000205017  0.00110487  0.000158591  -0.000245967  -0.000204004  -0.000261375  -0.000216179  8.59701e-05  7.09918e-05  2.29237e-05  9.21658e-06  3.74144e-06  -9.35347e-06  -2.30053e-05  1.3332e-05  -2.04245e-05  1.35936e-05  1.15596e-05  3.23088e-05  1.49124e-05  -2.34807e-05  -2.61036e-06  -9.39035e-06  -2.15946e-05  -1.73092e-05  1.42121e-05  1.98862e-05  2.80622e-05  -1.91355e-05  -1.42253e-05  1.30989e-05  -1.1057e-05  -1.05774e-05  -1.71666e-05  2.73022e-05  5.80394e-06  8.09193e-07  2.9882e-05  -2.02064e-05  6.983e-06  -1.1127e-05  -3.60782e-06  4.18872e-06  2.85995e-05  -3.29986e-05  -2.62423e-05  8.03285e-08  1.43565e-05  -5.12099e-06  -1.69927e-05  1.90071e-05  -2.06678e-05  1.6248e-05  3.08962e-05  2.88301e-05  -1.94431e-05
-8.31763e-05  8.92519e-05  7.33446e-05  -1.80226e-05  9.8271e-05  -2.39095e-05  -2.88617e-05  -4.89911e-05  2.86582e-05  6.87461e-05  7.80359e-05  -0.000285006  -0.00028005  -0.000259515  -0.000112566  0.000158591  0.000962276  9.69882e-05  -0.00012674  -0.000169856  -0.000141758  -0.000211446  3.50332e-05  4.7878e-05  4.81782e-06  -1.16112e-05  -6.5063e-06  -1.2445e-05  1.00155e-05  1.69419e-05  9.2478e-08  1.96235e-05  2.52505e-05  4.05246e-06  -3.84177e-05  2.07704e-05  3.09552e-05  1.80177e-05  4.18349e-06  -3.43018e-05  -5.38479e-05  8.85587e-06  9.29117e-06  3.4083e-06  3.13957e-05  -3.17791e-05  9.56521e-07  1.81434e-05  -2.21485e-06  -3.19277e-06  -8.08555e-06  1.10321e-05  1.43125e-05  -1.31255e-05  -2.62727e-05  -3.23807e-06  -4.8883e-06  3.75087e-06  2.65427e-05  -2.57099e-05  -1.98481e-05  3.14232e-05  2.40212e-05  -2.70248e-06  2.04553e-05  -2.24183e-05  -3.48516e-05  4.54282e-06  2.65322e-05  -1.51387e-05
-4.5425e-05  -9.10287e-05  -8.92978e-05  -7.52118e-05  1.62772e-05  -2.55666e-05  -3.66987e-06  4.13742e-05  -1.82832e-05  0.000105405  0.000149718  -3.73814e-05  -0.000216529  -0.000235882  -0.000211172  -0.000245967  9.69882e-05  0.000996014  0.000159811  -5.55757e-05  -0.000150778  -0.000235076  -0.000183338  -3.74114e-06  5.18537e-05  3.05497e-05  3.17679e-05  -1.37418e-05  -1.89303e-05  1.00383e-05  2.74582e-05  8.12007e-06  -1.16688e-05  -1.01726e-05  -2.30084e-05  2.33376e-05  3.67279e-05  3.61854e-05  -2.67875e-05  -2.63631e-05  -2.91769e-05  -1.98115e-05  2.27141e-05  -1.03941e-05  4.65415e-06  1.99858e-05  -7.15273e-06  1.587e-06  -1.41852e-05  -1.10687e-05  1.08207e-05  3.2167e-06  1.21949e-05  -9.84866e-07  -1.2792e-05  1.49687e-05  2.28035e-06  -3.0439e-05  3.89774e-05  6.3581e-06  -1.83651e-06  1.47672e-05  -2.4014e-05  -1.31927e-05  -2.26032e-05  2.66189e-05  1.74582e-05  1.06719e-05  -2.11115e-05  5.77241e-06
-0.000145771  -9.21163e-05  -3.52675e-06  1.1239e-05  -0.000120576  -0.000107558  -3.75743e-05  5.19115e-05  2.21255e-05  5.06142e-05  9.67492e-05  8.55329e-05  8.37602e-06  -0.000197353  -0.000263024  -0.000204004  -0.00012674  0.000159811  0.000881062  0.000101325  -0.00010714  -0.00018169  -0.000209038  -0.000170385  3.99581e-05  3.00977e-05  5.78287e-05  1.59084e-05  5.25691e-07  1.42232e-05  -1.52178e-05  1.03681e-05  -9.54397e-06  -3.0507e-05  2.74122e-05  2.35746e-05  -8.67082e-06  -1.09268e-05  -1.49518e-05  4.12811e-06  1.08852e-05  1.32382e-06  2.34364e-05  5.96697e-06  -2.4654e-05  -2.02562e-05  1.76831e-05  1.46193e-05  -1.02825e-05  -2.25966e-05  7.21964e-06  9.86699e-06  -1.48069e-05  -3.43685e-05  5.17176e-05  -1.08165e-06  1.32569e-05  1.06467e-05  -9.1339e-06  -3.29059e-06  -3.14698e-05  -1.01746e-05  -7.98569e-06  1.10992e-05  -4.48673e-06  3.98059e-05  -1.73549e-06  -1.16923e-05  1.48594e-05  -1.88244e-05
9.00078e-05  2.62519e-05  1.44853e-05  1.69264e-05  -6.48457e-05  -3.46849e-05  -5.81718e-05  9.71367e-05  3.89867e-05  5.65619e-05  5.99693e-05  6.96021e-05  1.51558e-05  3.56562e-05  -0.000239299  -0.000261375  -0.000169856  -5.55757e-05  0.000101325  0.000855031  8.25848e-05  -0.000120352  -0.000167353  -0.0001551  -0.000119347  5.08877e-05  5.55123e-06  1.84404e-05  -1.25316e-05  2.08815e-05  -5.29458e-06  8.29983e-06  -3.02116e-05  -7.9088e-06  -9.98304e-06  6.09614e-06  -1.48335e-05  3.28896e-05  3.24927e-05  3.46886e-05  -1.38141e-06  1.31478e-06  -3.82064e-05  9.59111e-06  -1.95199e-05  2.41338e-06  1.737e-05  -3.9992e-06  9.36053e-06  -2.12658e-05  -1.50496e-05  7.38633e-06  5.82872e-06  -1.0474e-05  1.93445e-05  -1.71451e-05  -2.64208e-05  2.26884e-05  -1.63418e-06  3.8188e-05  -3.19336e-05  -1.35982e-05  1.84993e-06  3.08848e-05  -1.4231e-05  2.08429e-05  -3.22499e-05  -1.05189e-05  -2.10197e-05  4.20193e-05
0.000131786  0.000195132  4.36027e-07  -3.57709e-05  -4.84162e-05  -2.8669e-05  4.83031e-05  7.92701e-05  -2.47488e-05  3.4824e-05  3.1962e-05  4.13375e-05  5.75659e-06  7.26458e-05  -4.36977e-06  -0.000216179  -0.000141758  -0.000150778  -0.00010714  8.25848e-05  0.000815087  5.67957e-05  -0.000128013  -9.55385e-05  -0.000151705  -0.000131269  8.31002e-06  4.23718e-05  -1.09446e-06  1.57635e-05  -1.86171e-05  1.67523e-05  2.18483e-05  1.56032e-06  6.25159e-06  -2.81151e-05  -9.30953e-06  -9.28899e-06  3.57152e-05  2.29246e-06  4.15893e-05  -2.39158e-05  -4.52562e-06  -2.44737e-06  -1.03026e-05  -1.85714e-05  -2.31911e-05  -6.77175e-06  3.09994e-05  -9.95149e-06  2.09924e-05  6.19329e-06  1.00456e-06  -7.95836e-08  7.47518e-06  -3.23599e-05  5.1969e-06  4.68081e-06  -2.11301e-05  1.43881e-05  2.65755e-05  -5.72848e-06  6.90071e-06  8.37899e-06  1.07667e-06  -2.04061e-05  -2.04747e-05  -2.96822e-05  1.6925e-05  2.58242e-05
6.53929e-05  9.91632e-05  5.36089e-05  5.57663e-05  -9.85316e-05  -2.60522e-05  -3.25795e-05  -6.67936e-06  -2.93737e-06  4.80149e-05  -4.12314e-05  3.49033e-05  -2.74666e-05  5.97791e-05  6.68385e-05  8.59701e-05  -0.000211446  -0.000235076  -0.00018169  -0.000120352  5.67957e-05  0.000792009  9.0591e-05  -8.01585e-05  -0.000111261  -0.000150515  -0.000134076  1.67234e-05  3.10289e-05  1.02614e-05  3.36439e-05  1.71227e-05  1.13003e-05  1.80958e-05  -3.35774e-06  -3.52678e-05  -1.09218e-05  -5.88779e-05  3.82503e-06  2.26832e-05  3.353e-05  2.24335e-05  1.97722e-05  -3.75159e-06  2.12784e-06  -4.90838e-06  6.10026e-06  -1.63922e-05  -1.34737e-05  -1.06667e-06  -8.20197e-07  -2.34448e-06  3.32827e-05  -3.42322e-06  -1.66147e-05  -8.21943e-06  -4.6871e-06  -1.64917e-05  -6.53239e-06  1.89115e-05  1.85277e-05  2.87546e-06  1.9024e-05  -1.27795e-05  -2.85016e-06  -3.81503e-05  1.83085e-05  -7.89378e-06  8.92441e-06  -5.61061e-07
0.000107289  -4.72077e-06  9.77613e-05  0.000177526  2.12902e-05  7.2941e-05  1.61536e-05  -4.26898e-05  -6.05118e-05  -2.32393e-05  -1.65004e-05  -5.31461e-05  2.07198e-05  1.41948e-05  5.67574e-05  7.09918e-05  3.50332e-05  -0.000183338  -0.000209038  -0.000167353  -0.000128013  9.0591e-05  0.000727261  8.9929e-05  -0.000108988  -0.000128306  -0.000120363  -0.000103425  1.19968e-05  2.38057e-05  3.45663e-05  -4.26227e-06  1.25009e-05  8.67754e-07  6.17727e-06  5.39148e-06  6.38546e-06  -4.46199e-06  -1.0866e-05  -1.35605e-05  -5.64098e-06  -1.23556e-05  2.18991e-07  1.08971e-07  2.65983e-05  1.09079e-05  3.67617e-06  2.99775e-06  -2.5754e-05  1.16508e-05  -6.371e-06  -4.67213e-07  8.25335e-06  2.16778e-05  -1.85095e-05  4.53259e-06  -5.42012e-06  -2.06301e-06  1.74607e-05  4.95162e-06  -5.80969e-07  -1.66898e-05  2.19217e-06  -5.33498e-06  1.26068e-05  -2.10515e-05  -2.52258e-05  2.64423e-05  6.06999e-06  3.73229e-06
4.0604e-06  -0.000137275  -5.36715e-05  8.21044e-06  -3.66246e-05  3.70723e-05  3.35905e-05  6.87118e-05  3.98054e-05  -2.58349e-05  2.5899e-05  -1.56332e-05  -2.90037e-08  -1.09775e-06  5.26704e-05  2.29237e-05  4.7878e-05  -3.74114e-06  -0.000170385  -0.0001551  -9.55385e-05  -8.01585e-05  8.9929e-05  0.000626011  4.83208e-05  -0.000104389  -0.000120606  -0.000153597  -9.4143e-05  1.98762e-05  1.8472e-05  1.94e-05  3.17409e-05  3.75245e-07  -3.56041e-06  2.84065e-05  2.66681e-05  -3.72597e-06  -1.4235e-05  -1.52802e-05  -2.45241e-05  -1.55609e-05  -1.18249e-05  2.81334e-05  3.60371e-05  6.60488e-07  -1.63315e-05  -1.56851e-05  3.05191e-06  2.65146e-05  -1.80377e-05  -2.0723e-05  -1.08946e-05  1.2344e-05  1.13657e-05  1.98311e-05  -4.32162e-06  6.90272e-06  1.2257e-05  -1.39276e-05  -4.73514e-06  -9.5928e-07  1.34774e-05  -1.7355e-05  -1.36236e-05  1.85323e-06  4.10792e-05  2.2759e-05  -2.73919e-05  -2.03215e-05
2.00044e-05  -0.000138879  9.85964e-07  7.54462e-05  4.93843e-05  2.10577e-05  7.0873e-05  -3.24433e-05  -1.31967e-05  1.66054e-05  -2.26587e-05  1.30564e-05  1.23123e-05  -9.18247e-06  -1.56456e-05  9.21658e-06  4.81782e-06  5.18537e-05  3.99581e-05  -0.000119347  -0.000151705  -0.000111261  -0.000108988  4.83208e-05  0.000596284  7.66887e-05  -6.22206e-05  -0.000119109  -0.000122506  -0.000117193  2.38798e-05  2.30206e-05  -7.70529e-06  1.84842e-05  -6.56008e-06  -8.25835e-06  1.30359e-05  1.37602e-05  1.21359e-05  6.33212e-06  -1.70134e-06  -1.21174e-06  -1.76108e-05  -2.97231e-06  6.46704e-07  2.31092e-06  2.02435e-06  5.01427e-06  -4.24342e-06  4.93524e-06  7.39266e-06  2.13242e-05  -1.3295e-05  -5.51019e-06  4.01776e-06  -4.94929e-07  5.18843e-07  -2.26775e-05  -1.59128e-05  -3.21484e-06  3.49392e-07  2.57726e-05  1.29048e-05  9.95949e-06  -3.89068e-06  -2.74777e-05  3.15408e-06  -4.8924e-07  -8.79082e-06  1.80503e-05
-2.73508e-05  -8.75591e-06  -5.55268e-05  -2.34592e-05  -6.94394e-05  -4.08819e-05  5.02137e-05  -6.03044e-05  4.48333e-05  8.65563e-06  -3.30458e-05  2.22747e-05  6.51091e-05  -1.86436e-05  -5.0493e-05  3.74144e-06  -1.16112e-05  3.05497e-05  3.00977e-05  5.08877e-05  -0.000131269  -0.000150515  -0.000128306  -0.000104389  7.66887e-05  0.000587361  5.59438e-05  -8.18492e-05  -9.77442e-05  -0.000143971  -9.41723e-05  -8.23696e-06  2.26002e-06  3.63207e-05  2.24187e-05  9.57045e-06  -1.21511e-05  1.29734e-05  -2.3308e-06  1.46251e-05  1.22404e-05  1.56036e-05  -2.64163e-05  -2.07815e-05  -2.11341e-05  1.75028e-05  1.22079e-05  1.3835e-05  2.37325e-05  -1.94699e-05  3.67774e-06  4.84545e-06  -1.73136e-05  -3.51909e-06  -1.5979e-05  2.28513e-05  -1.00843e-05  -1.64874e-05  -6.16957e-06  2.46661e-05  -1.24252e-05  1.44615e-05  -1.16759e-05  -2.23235e-06  4.23524e-07  3.34173e-05  -6.18332e-06  -2.09542e-05  -1.63839e-07  1.72041e-06
-1.40929e-05  3.60373e-05  -9.61713e-05  -0.000144828  -0.000106812  -7.8304e-05  1.61306e-05  -6.96747e-06  7.15864e-05  -4.5825e-05  4.49119e-05  3.8987e-05  -4.79225e-06  -4.93189e-05  -4.3324e-07  -9.35347e-06  -6.5063e-06  3.17679e-05  5.78287e-05  5.55123e-06  8.31002e-06  -0.000134076  -0.000120363  -0.000120606  -6.22206e-05  5.59438e-05  0.000535488  4.53481e-05  -8.49282e-05  -7.60744e-05  -0.000123529  -0.000108275  6.06191e-06  2.681e-05  3.049e-05  2.45612e-05  -1.44212e-06  -9.44664e-06  -5.13556e-06  1.76168e-05  -1.05841e-05  -1.60719e-05  1.6899e-05  -1.04562e-05  -1.5369e-06  1.64184e-05  -4.96845e-06  -5.20891e-06  -6.45267e-06  -2.364e-06  -1.11225e-05  3.09161e-06  4.57845e-07  1.71286e-05  4.14572e-06  1.77762e-05  7.00664e-06  -1.34969e-05  -1.80486e-05  -2.02789e-05  2.76596e-06  1.80918e-05  -3.2001e-05  5.28872e-06  2.10561e-05  2.08487e-05  -5.39311e-06  3.66406e-06  -1.15353e-05  -9.55426e-06
-8.3591e-05  4.22697e-05  1.00943e-05  -2.11517e-05  6.02672e-05  4.01871e-05  4.1911e-06  -2.03473e-05  -1.9246e-05  -2.75609e-05  -2.49558e-05  3.13186e-05  3.23608e-05  1.24814e-05  3.30852e-05  -2.30053e-05  -1.2445e-05  -1.37418e-05  1.59084e-05  1.84404e-05  4.23718e-05  1.67234e-05  -0.000103425  -0.000153597  -0.000119109  -8.18492e-05  4.53481e-05  0.000526159  6.66771e-05  -4.34725e-05  -0.000110986  -0.000118687  -8.62719e-05  -7.82352e-06  3.41681e-05  2.31882e-05  1.24388e-06  -5.89406e-07  9.26162e-06  2.43596e-06  1.12426e-05  -1.01389e-05  1.05539e-05  -6.81976e-07  -3.31805e-05  -2.55316e-06  1.94051e-05  -3.631e-06  8.69086e-06  2.09839e-06  4.74124e-06  1.13236e-05  -1.03476e-07  -1.02228e-05  -1.39886e-05  -2.35705e-05  6.76582e-07  6.4464e-06  5.18503e-06  1.40079e-05  4.73638e-06  -1.1245e-05  -3.07055e-06  7.1521e-06  8.03657e-06  -1.16635e-05  6.39571e-06  2.6376e-06  -7.08926e-06  3.52217e-06
-1.46935e-05  3.20468e-05  5.30349e-05  8.01382e-05  9.91092e-05  -2.86376e-05  -9.51069e-05  9.72386e-08  -2.21573e-05  -6.93065e-05  -5.03346e-06  3.99616e-05  4.31139e-06  2.5064e-05  1.51242e-05  1.3332e-05  1.00155e-05  -1.89303e-05  5.25691e-07  -1.25316e-05  -1.09446e-06  3.10289e-05  1.19968e-05  -9.4143e-05  -0.000122506  -9.77442e-05  -8.49282e-05  6.66771e-05  0.000558213  5.50414e-05  -6.74621e-05  -0.000104635  -0.000133276  -0.000109233  -7.82483e-06  3.84797e-05  3.06144e-05  6.12556e-06  4.46971e-06  -6.88811e-06  -9.18087e-06  1.39145e-05  -1.72498e-06  3.62134e-06  2.54814e-06  1.18234e-05  -1.36007e-06  5.13516e-06  -2.95041e-06  -8.34943e-06  -1.86094e-05  3.20401e-06  1.59018e-05  -3.74259e-05  1.84687e-05  5.74302e-08  3.88619e-05  2.39321e-05  -1.20532e-05  -3.70627e-05  2.7092e-06  -1.91736e-05  8.18312e-07  1.41004e-05  7.37289e-07  -5.61736e-08  5.90581e-06  -1.81765e-05  -7.56669e-07  1.71651e-05
3.73968e-05  -7.67775e-05  7.7038e-06  -3.26779e-05  1.55862e-05  1.04275e-05  2.46234e-05  4.01121e-05  -2.74194e-05  6.42166e-05  -2.08921e-06  -5.87839e-05  -1.99762e-05  1.42518e-05  -1.659e-05  -2.04245e-05  1.69419e-05  1.00383e-05  1.42232e-05  2.08815e-05  1.57635e-05  1.02614e-05  2.38057e-05  1.98762e-05  -0.000117193  -0.000143971  -7.60744e-05  -4.34725e-05  5.50414e-05  0.000496758  5.14285e-05  -9.19033e-05  -0.000104547  -0.00010609  -9.00422e-05  1.59943e-05  2.84349e-05  4.01994e-05  8.49196e-06  -7.32058e-07  -6.68757e-06  -3.40159e-05  1.76169e-05  1.46162e-05  1.07833e-05  5.54427e-06  1.0938e-05  -2.10573e-06  -6.74813e-06  4.55617e-06  -9.29492e-06  -3.62405e-05  -1.88995e-07  5.88212e-06  -6.13008e-06  4.72968e-06  1.44846e-05  1.19225e-05  1.68095e-05  -5.81545e-06  -6.1443e-07  -1.1269e-05  3.06636e-06  1.09606e-06  -1.93933e-05  -6.99627e-06  2.16594e-05  6.42411e-06  -3.6993e-06  3.48053e-06
2.7936e-05  4.25325e-06  2.14806e-05  6.37514e-05  7.89062e-05  -5.38306e-05  9.61345e-06  6.44642e-06  -3.22952e-05  2.34643e-05  2.85383e-05  -2.5472e-05  -7.58023e-06  -4.56154e-06  -1.35753e-05  1.35936e-05  9.2478e-08  2.74582e-05  -1.52178e-05  -5.29458e-06  -1.86171e-05  3.36439e-05  3.45663e-05  1.8472e-05  2.38798e-05  -9.41723e-05  -0.000123529  -0.000110986  -6.74621e-05  5.14285e-05  0.000463881  6.05031e-05  -5.36388e-05  -9.75053e-05  -9.67208e-05  -0.000103551  1.59518e-05  3.86856e-05  2.6321e-05  1.07231e-05  2.11473e-05  2.95143e-06  -1.26194e-05  -1.27284e-05  -2.10972e-06  -2.82837e-05  -1.75315e-06  1.70255e-05  -2.16922e-06  2.30794e-05  1.40906e-05  -2.02605e-05  6.01825e-06  6.56958e-06  -8.15344e-06  -1.0188e-05  -1.85909e-05  4.44023e-06  1.38717e-05  2.33037e-05  2.87383e-05  -2.22027e-05  -1.63898e-05  -2.0364e-05  -1.11119e-05  1.01529e-05  8.26266e-07  1.08576e-05  1.04713e-05  7.92467e-06
2.19079e-05  8.39705e-05  -4.96507e-05  -8.18509e-05  5.12348e-05  5.40638e-05  5.38043e-05  -9.17899e-06  8.3155e-06  3.73265e-05  -1.69156e-05  -1.9943e-05  -1.86607e-05  -1.09046e-05  -9.4116e-06  1.15596e-05  1.96235e-05  8.12007e-06  1.03681e-05  8.29983e-06  1.67523e-05  1.71227e-05  -4.26227e-06  1.94e-05  2.30206e-05  -8.23696e-06  -0.000108275  -0.000118687  -0.000104635  -9.19033e-05  6.05031e-05  0.000521436  7.41061e-05  -5.93357e-05  -0.000100347  -0.000122766  -0.000106527  -1.14578e-06  1.32523e-05  2.73776e-05  2.44207e-05  1.09487e-05  -8.49825e-06  7.6192e-06  1.74169e-05  -1.13044e-05  2.86324e-06  3.32497e-06  -9.55459e-06  2.58121e-06  7.49522e-06  -2.21044e-06  2.61342e-06  -9.65808e-06  1.87359e-05  5.64476e-06  -4.00173e-05  1.40693e-05  2.04685e-05  -1.16302e-05  -6.93927e-06  1.50434e-05  -4.25545e-08  -9.19833e-06  -2.18985e-06  9.57748e-08  -1.97747e-05  8.24283e-06  3.05615e-05  -1.19002e-05
-3.50911e-05  3.08609e-05  -2.7911e-05  -8.28182e-05  1.68908e-05  -1.63208e-05  -2.84773e-05  2.0739e-05  6.05693e-05  -4.22044e-06  1.1436e-05  -9.95701e-06  -1.16371e-05  -1.26718e-05  -1.06593e-05  3.23088e-05  2.52505e-05  -1.16688e-05  -9.54397e-06  -3.02116e-05  2.18483e-05  1.13003e-05  1.25009e-05  3.17409e-05  -7.70529e-06  2.26002e-06  6.06191e-06  -8.62719e-05  -0.000133276  -0.000104547  -5.36388e-05  7.41061e-05  0.000487827  5.58904e-05  -7.45126e-05  -9.31065e-05  -9.16533e-05  -8.88622e-05  -5.29885e-07  2.66597e-05  1.0595e-06  1.60058e-05  1.59283e-05  5.76501e-07  1.27623e-05  -1.5743e-05  -1.58366e-05  3.09449e-06  2.74682e-06  -2.71159e-06  -8.78951e-06  2.27285e-05  -7.11564e-06  1.36553e-05  8.86598e-07  6.75707e-06  -4.18656e-06  -6.14277e-06  -6.61206e-06  3.31764e-07  1.73763e-06  5.24057e-06  8.32653e-06  2.05871e-06  -5.32623e-06  -8.97282e-06  -2.13489e-05  1.08602e-06  1.30969e-05  -4.33244e-06
9.06344e-05  5.73937e-05  7.51756e-05  -3.28155e-06  -7.76891e-05  -4.28288e-06  -7.2523e-05  -3.98719e-05  2.02498e-05  1.26657e-05  -4.51604e-05  -1.72187e-05  -4.30245e-05  2.47749e-05  5.37504e-05  1.49124e-05  4.05246e-06  -1.01726e-05  -3.0507e-05  -7.9088e-06  1.56032e-06  1.80958e-05  8.67754e-07  3.75245e-07  1.84842e-05  3.63207e-05  2.681e-05  -7.82352e-06  -0.000109233  -0.00010609  -9.75053e-05  -5.93357e-05  5.58904e-05  0.000475177  5.57958e-05  -7.09925e-05  -9.15655e-05  -0.000105249  -8.03865e-05  3.08993e-08  2.2546e-06  2.38771e-05  2.00387e-05  3.19982e-05  -6.86704e-06  6.59042e-06  -3.37562e-05  -7.90963e-06  1.13468e-05  4.81603e-06  5.42451e-06  2.67566e-05  7.19612e-06  1.78465e-05  -2.19008e-05  -3.45137e-05  -5.51588e-06  -3.64132e-06  -9.53571e-06  1.25535e-05  -8.79092e-06  3.07902e-05  -4.19526e-06  -1.33397e-06  1.43744e-05  1.2318e-05  -1.39404e-05  3.23512e-07  -1.92919e-05  -1.42831e-05
-5.22055e-05  -0.000125178  -6.10792e-05  -6.19933e-05  -4.42662e-05  2.46198e-05  -1.11202e-05  2.73126e-05  -1.89214e-05  -3.69347e-05  3.38125e-05  3.35961e-05  2.90814e-05  3.82443e-06  2.98069e-05  -2.34807e-05  -3.84177e-05  -2.30084e-05  2.74122e-05  -9.98304e-06  6.25159e-06  -3.35774e-06  6.17727e-06  -3.56041e-06  -6.56008e-06  2.24187e-05  3.049e-05  3.41681e-05  -7.82483e-06  -9.00422e-05  -9.67208e-05  -0.000100347  -7.45126e-05  5.57958e-05  0.000470907  3.86083e-05  -7.85963e-05  -0.000100326  -0.000101561  -9.18448e-05  1.55423e-05  2.4931e-05  2.88057e-05  1.59806e-05  -1.50378e-05  1.6723e-05  1.22472e-05  -2.01103e-05  -1.13481e-05  3.61952e-06  7.79024e-06  -1.12004e-06  2.3629e-05  1.68916e-05  5.82623e-07  -1.37409e-05  -2.81237e-06  -1.87964e-05  -1.12601e-05  1.07153e-05  1.16679e-06  -1.42017e-05  -7.13476e-07  8.70807e-06  1.66853e-05  1.6866e-05  1.926e-05  -1.32989e-05  -2.59903e-05  -2.54149e-05
6.10026e-06  -7.67477e-05  -2.33538e-06  0.000103411  1.17897e-05  -4.77673e-05  1.43575e-05  9.64056e-06  -3.1753e-05  -2.06099e-05  2.12798e-05  -6.38509e-06  9.96379e-06  -2.22411e-05  -1.20025e-05  -2.61036e-06  2.07704e-05  2.33376e-05  2.35746e-05  6.09614e-06  -2.81151e-05  -3.52678e-05  5.39148e-06  2.84065e-05  -8.25835e-06  9.57045e-06  2.45612e-05  2.31882e-05  3.84797e-05  1.59943e-05  -0.000103551  -0.000122766  -9.31065e-05  -7.09925e-05  3.86083e-05  0.000438791  2.00558e-05  -4.73494e-05  -8.16857e-05  -9.26901e-05  -7.36686e-05  1.37008e-05  1.84563e-05  1.35477e-05  1.72736e-05  2.31874e-05  -7.32701e-06  7.1965e-07  -4.94979e-06  1.29394e-06  -7.29304e-07  -2.92247e-06  -7.41903e-06  -3.10363e-06  3.11256e-06  1.04502e-06  1.95623e-05  4.91588e-06  -5.407e-06  -1.26164e-05  1.01085e-06  -1.20965e-05  7.43848e-07  1.36776e-05  -1.00216e-05  -4.67854e-06  1.0494e-05  6.63186e-06  -4.27072e-07  7.24171e-06
1.33608e-05  5.08625e-05  -2.39309e-05  2.25951e-05  4.8492e-05  1.13679e-05  2.41735e-05  2.84666e-05  -8.66197e-05  -3.31774e-05  3.26247e-05  -5.95259e-06  7.309e-06  5.23569e-06  -3.90161e-05  -9.39035e-06  3.09552e-05  3.67279e-05  -8.67082e-06  -1.48335e-05  -9.30953e-06  -1.09218e-05  6.38546e-06  2.66681e-05  1.30359e-05  -1.21511e-05  -1.44212e-06  1.24388e-06  3.06144e-05  2.84349e-05  1.59518e-05  -0.000106527  -9.16533e-05  -9.15655e-05  -7.85963e-05  2.00558e-05  0.00042724  6.9078e-05  -3.9555e-05  -8.62373e-05  -8.12005e-05  -6.0693e-05  2.51517e-06  5.29182e-06  1.06653e-05  -2.86645e-06  4.53002e-06  8.50918e-07  -4.42698e-06  1.20403e-05  8.30101e-06  6.38941e-06  -9.16828e-06  -2.50414e-05  1.81537e-05  1.6001e-05  2.56888e-05  -2.57536e-05  -4.06388e-06  -1.59231e-05  -1.03442e-05  5.3607e-06  1.06298e-05  -1.09763e-05  7.18188e-06  2.15115e-06  1.4935e-05  -1.39282e-05  9.12193e-06  -6.69628e-06
-1.04095e-06  2.43302e-06  6.09961e-05  1.77283e-05  -1.23139e-05  1.11623e-05  2.82444e-05  -2.7989e-05  -2.97511e-05  -2.86424e-05  -2.46304e-06  -3.65129e-06  4.66683e-05  -6.72508e-06  -2.12978e-05  -2.15946e-05  1.80177e-05  3.61854e-05  -1.09268e-05  3.28896e-05  -9.28899e-06  -5.88779e-05  -4.46199e-06  -3.72597e-06  1.37602e-05  1.29734e-05  -9.44664e-06  -5.89406e-07  6.12556e-06  4.01994e-05  3.86856e-05  -1.14578e-06  -8.88622e-05  -0.000105249  -0.000100326  -4.73494e-05  6.9078e-05  0.000408547  5.10902e-05  -5.08293e-05  -7.28088e-05  -0.000105947  -8.60403e-05  -1.56796e-05  1.21119e-05  1.49227e-05  2.89949e-05  2.3527e-05  7.58381e-06  -1.17045e-05  7.0016e-06  -7.65798e-06  -2.14436e-05  -9.95874e-06  -2.43962e-06  2.47831e-05  -9.0444e-07  5.00003e-06  1.53492e-05  -8.20401e-06  2.94554e-06  4.401e-06  1.80171e-06  -1.49685e-05  -2.4601e-06  -1.06975e-05  4.88343e-06  3.53124e-06  -2.58124e-06  6.53237e-06
-7.68123e-06  2.91033e-05  3.79102e-05  -1.73885e-05  -5.54033e-05  6.33072e-05  1.20363e-05  2.71323e-05  5.66366e-06  3.60208e-06  -1.17001e-05  7.85108e-06  -2.36297e-05  1.50701e-05  -8.02008e-07  -1.73092e-05  4.18349e-06  -2.67875e-05  -1.49518e-05  3.24927e-05  3.57152e-05  3.82503e-06  -1.0866e-05  -1.4235e-05  1.21359e-05  -2.3308e-06  -5.13556e-06  9.26162e-06  4.46971e-06  8.49196e-06  2.6321e-05  1.32523e-05  -5.29885e-07  -8.03865e-05  -0.000101561  -8.16857e-05  -3.9555e-05  5.10902e-05  0.000419984  5.42323e-05  -5.61869e-05  -0.000104959  -8.82235e-05  -9.96834e-05  1.23671e-08  1.5502e-05  3.1364e-05  1.89861e-05  1.38555e-05  -7.18555e-06  4.28408e-06  -7.06171e-06  2.30685e-06  -1.47845e-06  -1.52439e-06  3.27408e-06  -1.87701e-05  -2.10486e-06  7.10271e-07  2.75849e-05  2.26457e-06  5.84649e-06  7.50761e-06  -1.22961e-05  8.88992e-06  1.32366e-06  -3.4477e-05  -2.30298e-05  1.01567e-05  1.60377e-05
-3.41528e-05  -5.46571e-05  -8.18857e-05  4.09504e-05  -2.57284e-05  2.80451e-06  2.24332e-05  3.6648e-05  8.99851e-05  5.08402e-05  -2.84848e-05  -3.86664e-05  -2.86355e-05  1.29312e-05  -1.04913e-05  1.42121e-05  -3.43018e-05  -2.63631e-05  4.12811e-06  3.46886e-05  2.29246e-06  2.26832e-05  -1.35605e-05  -1.52802e-05  6.33212e-06  1.46251e-05  1.76168e-05  2.43596e-06  -6.88811e-06  -7.32058e-07  1.07231e-05  2.73776e-05  2.66597e-05  3.08993e-08  -9.18448e-05  -9.26901e-05  -8.62373e-05  -5.08293e-05  5.42323e-05  0.000385438  2.47614e-05  -6.00564e-05  -8.38843e-05  -7.22263e-05  -5.56698e-05  2.98047e-05  1.12194e-05  1.93373e-05  1.41396e-05  -3.33881e-05  -7.65456e-06  7.35055e-06  -6.69046e-06  1.21679e-05  1.1931e-05  -3.09913e-06  -1.72362e-05  3.19876e-06  -5.70083e-06  3.18814e-06  9.5557e-06  4.89909e-07  5.47969e-06  1.58722e-06  -1.26198e-06  8.88789e-07  -1.13389e-05  1.55676e-05  -1.27197e-05  4.71524e-06
2.39646e-05  8.28323e-05  -6.15309e-06  -5.12502e-05  -3.83986e-05  -5.04595e-05  -5.15368e-05  -4.26535e-05  4.22521e-05  6.18241e-05  -2.01857e-05  -7.40589e-06  1.41935e-05  -1.27317e-05  3.91662e-05  1.98862e-05  -5.38479e-05  -2.91769e-05  1.08852e-05  -1.38141e-06  4.15893e-05  3.353e-05  -5.64098e-06  -2.45241e-05  -1.70134e-06  1.22404e-05  -1.05841e-05  1.12426e-05  -9.18087e-06  -6.68757e-06  2.11473e-05  2.44207e-05  1.0595e-06  2.2546e-06  1.55423e-05  -7.36686e-05  -8.12005e-05  -7.28088e-05  -5.61869e-05  2.47614e-05  0.000369605  3.39184e-05  -5.12024e-05  -7.56442e-05  -8.30625e-05  -7.28987e-05  2.3087e-05  2.13705e-05  2.28358e-05  1.2673e-05  -3.22728e-06  -1.20664e-05  -1.04824e-05  1.092e-05  1.96743e-06  -5.82185e-07  -4.14206e-07  1.22465e-06  5.1209e-06  2.7935e-06  3.47155e-06  -1.26808e-06  8.32525e-06  -3.85212e-06  -7.58179e-06  -1.31568e-05  -5.81496e-06  1.69791e-05  -1.78791e-06  9.15865e-06
3.77559e-05  2.80549e-05  7.90657e-06  8.35534e-06  -2.94699e-05  -4.05382e-05  -2.30607e-05  -4.66119e-05  2.04128e-05  1.32468e-05  -3.57071e-05  -3.56336e-06  1.55564e-05  1.65348e-05  3.66584e-05  2.80622e-05  8.85587e-06  -1.98115e-05  1.32382e-06  1.31478e-06  -2.39158e-05  2.24335e-05  -1.23556e-05  -1.55609e-05  -1.21174e-06  1.56036e-05  -1.60719e-05  -1.01389e-05  1.39145e-05  -3.40159e-05  2.95143e-06  1.09487e-05  1.60058e-05  2.38771e-05  2.4931e-05  1.37008e-05  -6.0693e-05  -0.000105947  -0.000104959  -6.00564e-05  3.39184e-05  0.000369004  6.97032e-05  -2.72988e-05  -6.53288e-05  -9.06218e-05  -7.12093e-05  -4.12484e-06  1.89736e-05  1.65949e-05  8.51227e-06  -1.09546e-05  1.35784e-05  5.94635e-06  -7.58817e-06  -4.00294e-06  -5.99535e-06  1.4235e-05  -3.55424e-06  4.85546e-06  2.52616e-06  -1.63405e-05  -2.05274e-05  2.05841e-05  1.24301e-07  1.41831e-05  3.96579e-06  -8.16849e-06  1.32164e-06  6.91101e-07
